0,185277531941732
0,209962882995605
-0,112523994445801
0,180600058237712
0,263351179758708
-0,136428782145182
0,178159344991048
0,333748245239258
-0,225418033599854
0,0574971906344096
0,361218694051107
-0,27847620010376
-0,0381339271863302
0,313943583170573
-0,320545196533203
-0,0993957201639811
0,261766757965088
-0,420386441548665
-0,0825152762730916
0,248452752431234
-0,541545689900716
-0,00854905207951864
0,265127239227295
-0,452150891621908
0,195378370285034
0,412565663655599
-0,151556936899821
0,511336898803711
1,06921933492025
1,67342532475789
0,43479482014974
0,723270645141602
2,16835357666016
0,295634950002034
0,354452152252197
1,64932637532552
0,188752663930257
0,223948122660319
1,20173350016276
0,0871047115325928
-0,0253153610229492
0,947199783325195
0,0508579190572103
-0,166648718516032
0,600547828674316
0,104829675356547
-0,182088464101156
0,28006165822347
0,30431604385376
-0,122603511810303
0,0193027432759603
0,536363487243652
-0,0706238079071045
0,172720047632853
0,601772613525391
0,37436386346817
0,78046885172526
0,187627979914347
0,930253397623698
1,70794860839844
0,113941841125488
0,828710556030273
1,58169514973958
-0,897481753031413
-1,21770131429036
1,11529067993164
-1,34186681111654
-1,25101809183757
1,00425036112467
-0,512642211914062
-0,516107171376546
-1,82763458251953
-1,8087650680542
-0,700511493682861
-2,8314345296224
-3,11907002766927
-1,82240778605143
-0,0978776359558105
-2,03454788208008
-1,48723063151042
-1,1098871866862
0,0872735087076824
0,125358200073242
-1,20620882670085
1,18072245279948
2,29854400634766
-1,39313906351725
-1,02516344706217
1,78423512776693
-1,17860918680827
0,824528096516927
-1,0392670694987
-0,778834940592448
1,17806261698405
-0,786745885213216
-0,96298350016276
1,03521825154622
-0,318306732177734
-0,848860905965169
-1
-1
-1
-1
-1
1
-1
-1
-1
-1