-0,14388152440389
0,0786248747507731
0,170258967081706
-0,164263505935669
0,108335472742716
0,125417680740356
-0,142865441640218
0,11032067934672
0,0643986479441325
-0,135593334833781
0,117100079854329
-0,0262392203013102
-0,129124943415324
0,163312123616536
-0,139574225743612
-0,139086453119914
0,154494816462199
-0,250216687520345
-0,115098288853963
0,0142581748962402
-0,321482677459717
-0,0411548296610514
-0,302281119028727
-0,301159070332845
0,206842705408732
-0,143898391723633
-0,305826466878255
0,104956639607747
0,116436761220296
2,13325924555461
-0,0645997174580892
1,47981426239014
1,36003484090169
0,271959031422933
1,76580769856771
1,14184000651042
0,262505741119385
1,22556732177734
0,868927230834961
0,272164039611816
0,608320859273275
0,646830228169759
0,461569366455078
0,332949765523275
0,486602210998535
1,02601591746012
0,491317494710287
1,82783672332764
0,158195343017578
0,845615463256836
3,13372212727865
-0,753188629150391
-0,133230638504028
1,36472290039062
-0,647096252441406
-0,0760027035077413
0,888889287312825
-1,0078572845459
0,483003338972727
-0,424561945597331
-1,75777119954427
0,901358439127604
-3,21178863525391
-3,27057352701823
-0,86093999226888
-2,26026016235352
2,3400868733724
0,882134119669596
-1,7723085530599
2,5739101155599
-1,77843322753906
1,13760299682617
-1,87324971516927
-2,14356307983398
0,218652998606364
-1,0673860168457
-1,61942743937174
-0,112278426488241
0,532775319417318
1,5462334950765
-0,294505519866943
1,13595748901367
2,17968643188477
-0,218022537231445
0,440991700490316
1,42856262207031
0,249819653828939
-2,21891184488932
-1,27925206502279
0,275441818237305
-1,43833165486654
-0,760976676940918
0,116934291521708
-0,716005655924479
-0,317347005208333
-0,0482451168696086
-0,233713957468669
0,0243432013193766
-0,122721649805705
-1
-1
-1
-1
-1
1
-1
-1
-1
-1