0,118893575668335
0,684336102803548
0,161519858042399
-0,115882294178009
0,241870129903158
0,0223407300313314
-0,120037644704183
0,206469294230143
-0,132853409449259
-0,130188906987508
0,26251361211141
-0,178818887074788
-0,0748117939631144
0,50861930847168
-0,271832504272461
0,202777417500814
0,735447667439779
-0,419054005940755
0,173532082239787
0,500207087198893
-0,579167162577311
-0,0831923866271973
0,0746255318323771
-0,458137639363607
-0,00841005643208821
0,0302461608250936
-0,346255683898926
0,769899698893229
-0,911123927434285
2,28556343078613
0,554760704040527
-1,63136240641276
2,39783182779948
0,437782465616862
-1,37085919698079
1,84147588094076
0,356300493876139
-1,1096571858724
1,38200101216634
0,234159927368164
-0,937282969156901
1,06224746704102
0,13313237508138
-0,783693237304687
0,761631317138672
0,0612499904632568
-0,343014653523763
0,356964200337728
0,360886103312174
-0,0845773220062256
0,102283878326416
0,56997501373291
-0,150462001164754
0,223961613972982
0,583264999389648
-0,288552792867025
0,612207641601562
0,56957592010498
-0,0607247797648112
0,846240361531576
0,360895989735921
-0,0412211068471273
1,10588282267253
-0,0290451606114705
0,0206739823023478
1,00033950805664
0,477903652191162
0,288099080721537
-1,74213167826335
-1,44499560038249
1,21252573649089
-3,84108805338542
-4,29068868001302
-1,65298843383789
-2,0354204305013
-0,421039708455404
-1,27004430135091
-1,98507019042969
-0,00528254191080731
0,121116739908854
-1,52325561523438
-0,689564463297526
-2,56579162597656
0,630428517659505
0,238975321451823
-1,46830190022786
-0,129452168146769
2,14604751586914
-0,268385639190674
-0,768946482340495
1,30588933308919
3,32545501708984
-0,228639437357585
0,0532930501302083
1,38855514526367
0,342242965698242
-2,47897054036458
-1,58892873128255
0,557140846252441
-1
-1
-1
-1
-1
1
-1
-1
-1
-1