-0,131385580698649
-0,107761236826579
0,158421570460002
-0,136336301167806
-0,147111695607503
0,156784207026164
-0,18673770904541
-0,162727998097738
0,136830673217773
-0,194526837666829
-0,083418550491333
0,112663939793905
-0,066939058303833
0,0570970662434896
-0,022435630162557
-0,155123039881388
-0,0378044001261393
-0,202730369567871
-0,264778099060059
-0,177425212860107
-0,441892331441244
-0,280857009887695
-0,373546956380208
-0,637437845865885
-0,225398279825846
-0,164881922403971
-0,627536989847819
1,33017501513163
0,999749387105306
0,442157669067383
1,11447752634684
-0,884481150309245
2,52750457763672
0,0528938547770182
1,54586095174154
2,33604675292969
0,768494440714518
1,70415415445964
1,20441424051921
0,517532704671224
1,15997856140137
1,00639877319336
0,979708429972331
0,809812698364258
0,298683433532715
2,0283083597819
-0,105944544474284
0,685012029012044
0,477847671508789
1,40546864827474
2,35311706542969
0,72819699605306
2,25999048868815
1,88397323608398
0,521492296854655
0,598638114929199
1,46065933227539
0,140460785230001
0,51003978729248
1,23701726277669
0,567661703427633
0,313906720479329
-2,07350128173828
-2,28229431152344
-0,45679692586263
-4,92712117513021
-1,76114064534505
-0,181811726888021
-3,49884796142578
0,969512990315755
0,332422599792481
-1,62043797810872
-1,4414454015096
-1,03963388442993
-1,10628295898438
1,48708028157552
-1,72871027628581
-1,00475575764974
1,90983601888021
0,708286431630452
-0,974807535807292
0,914317779541016
2,76473663330078
0,232860933939616
1,03320604960124
2,44918909708659
0,222944774627686
0,369388999938965
1,83869389851888
0,357911783854167
-2,27066548665365
-1,37175656636556
0,660127029418945
-1,45268880208333
-0,916008326212565
0,388797391255697
-0,645523452758789
-0,431192111968994
0,361999346415202
-1
-1
-1
-1
-1
1
-1
-1
-1
-1