-0,00975078980127971
-0,0404298973083496
-0,360214487711589
0,236826448440552
0,0979963143666585
-0,463024686177572
0,10881293296814
0,0178207735220591
-0,545459938049316
-0,132724717458089
0,00277858654658
-0,524352086385091
-0,094131072362264
0,0324389537175496
-0,652778129577637
-0,133187294006348
-0,0402306079864502
-0,839417877197266
-0,156442451477051
-0,177876847585042
-0,844386367797851
-0,062234525680542
-0,0810352722803752
-0,720863469441732
0,0157091577847799
0,00522688070933024
-0,598107579549154
1,55881415049235
0,0191767501831055
2,89010225931803
0,381241760253906
1,01286772410075
4,49852834065755
0,196599152882894
1,46360234578451
-0,4485902150472
0,239585809707642
1,10937082926432
-0,456181780497233
0,121224412918091
1,23767018636068
-0,376978543599447
0,107364603678385
1,08414489746094
-0,417092425028483
0,377451998392741
0,821585871378581
-0,55709171295166
0,565883903503418
0,575166562398275
-0,375888627370199
0,498460019429525
0,390464286804199
0,0988176123301188
0,580993105570475
0,720163180033366
0,518503920237223
0,346103719075521
1,5447509765625
0,942985560099284
-0,444805107116699
2,06150095621745
1,22489405314128
-0,564566179911296
1,43177858988444
0,980853932698568
-0,613038088480632
0,958351542154948
0,807379353841146
-0,470344626108805
0,77488889058431
0,580352223714193
-0,940107021331787
0,338079223632813
0,436727396647135
-4,77560750325521
-2,07988037109375
1,28747899373372
-2,59561030069987
-1,493037109375
0,219023021062215
1,18487803141276
0,505582529703776
-0,26748815536499
1,89298538208008
1,08784075419108
-0,543441874186198
1,35021003723145
0,860494689941406
-0,525961418151855
0,828587112426758
0,476398773193359
-0,413585484822591
0,510067927042643
0,223247820536296
-0,34002986907959
0,412334098815918
0,143375784556071
-0,287600529988607
-1
-1
-1
-1
-1
1
-1
-1
-1
-1