0,160186948776245
0,383827966054281
-0,581334686279297
0,329944413503011
0,632321662902832
-0,679453252156576
0,541138648986816
0,925478134155273
-0,806182225545247
0,676046346028646
1,15948839823405
-0,862959976196289
0,689503428141276
1,22780601501465
-0,936639506022135
0,669445546468099
1,16876075744629
-0,970621948242188
0,705092976888021
1,12609642028809
-0,886829986572266
0,732983016967773
0,93827507019043
-0,744030075073242
0,774588241577148
0,928614730834961
-0,69909787495931
1,95689847310384
1,09589090983073
-0,808744049072266
-0,581831258138021
0,0826377932230632
-1,88406265258789
-0,588778648376465
-0,0978706932067871
-1,43688700358073
-0,465836321512858
-0,0207765428225199
-0,905160751342773
-0,327954883575439
0,0618116108576457
-0,555820490519206
-0,104523272514343
0,135205667813619
-0,418508135477702
0,0464633703231812
0,249503402709961
-0,356933256785075
0,322100766499837
0,171371647516886
-0,0415368334452311
0,695734380086263
-3,51070281982422
3,25770975748698
-0,175861587524414
-0,403566029866536
2,13055486043294
-0,236208610534668
1,2421039835612
0,270021235148112
-0,282365010579427
1,02566719055176
0,279614162445068
-0,229306488037109
0,706686553955078
-0,039044713973999
0,0217343171437581
0,244351857503255
-0,27649741490682
0,141424837112427
0,092154655456543
0,777282470067342
0,718152618408203
1,66512852986654
2,62563456217448
-0,450644404093424
-0,701054306030274
1,65389801025391
-0,425005302429199
-0,30550422668457
1,46459309895833
-0,462781524658203
-0,257545032501221
1,25802263895671
-0,51177012125651
-0,306483122507731
1,20851926167806
-0,596370849609375
-0,433330688476562
0,956203893025716
-1,44250750223796
-0,806498667399088
0,358126958211263
-4,5771132405599
-2,01715606689453
0,32655019124349
-2,14921442667643
-1,28901102701823
-0,299539813995361
-1
-1
-1
-1
-1
1
-1
-1
-1
-1