-0,0994712511698405
0,100905698140462
0,0484137376149495
0,305341377258301
0,81016850789388
-0,131802698771159
0,267568174997965
0,771780217488607
-0,106226879755656
0,29085033416748
0,722389907836914
-0,00792751948038737
0,346474863688151
0,666125768025716
0,0747503757476807
0,290062287648519
0,625772171020508
0,0120396248499552
0,140754159291585
0,656414210001628
-0,118321654001872
0,00394727786382039
0,736131388346354
-0,231671905517578
-0,0154964590072632
0,960337066650391
-0,425522168477376
0,861862303415934
2,12205846150716
-1,26036130269368
1,55868779500326
2,40621297200521
-1,76373107910156
0,594220504760742
-0,296014461517334
-1,68127700805664
0,22684819539388
-0,362199885050456
-1,28873318990072
0,62877254486084
-1,1003969446818
0,191604843139649
0,768505655924479
-3,33476521809896
2,98482187906901
-0,350770486195882
-1,31613400777181
1,89052342732747
-0,158485231399536
-0,499682184855143
1,47411443074544
-0,126202713648478
-0,383408495585124
1,10414103190104
-0,140946003595988
-0,294911371866862
0,813971532185872
-0,0253975502649943
-0,230357125600179
0,375889422098796
0,298708941141764
-0,48068613688151
0,185081806182861
0,716550203959147
-1,79532089233398
1,14548301696777
0,674528350830078
-0,848263753255208
2,21227478027344
0,362942555745443
-1,14067263285319
2,17940862019857
0,192900368372599
-0,840448659261068
1,63213811238607
-0,141641254425049
-0,571415023803711
1,28861887613932
0,311990610758464
0,818972638448079
-2,37119458516439
-2,35547620137533
2,1721565246582
-3,94680592854818
-0,00406143188476538
1,2271132405599
-1,93056681315104
1,41854818662008
-0,822445653279622
-2,34316645304362
-1,77331385294596
-1,93325892130534
-1,88825108846029
-1,11524116516113
-1,94647328694661
-1,6417958577474
-0,465470333099365
-1,93565078735352
-1,40892690022786
0
0
0
0
0
1
0
0
0
0
