-1,61836613972982
-1,91597005208333
-1,7458154296875
-0,886967035929362
-1,97730972290039
-1,58088709513346
-0,175791759490967
-1,30149492899577
-0,958506749471029
0,121441919008891
-0,192898953755697
-0,0282278442382812
-0,143101420402527
-0,456967074076335
0,283653513590495
-0,116811955769857
-0,221460917790731
0,110133994420369
-0,081314442952474
-0,0134264175097148
-0,0480475473403931
-0,169418245951335
-0,0231092421213786
-0,108078893025716
0,0566251118977865
0,215387967427572
-0,392752456665039
2,51671803792318
1,43043668111165
-1,96082834879557
-0,088583443959554
0,778587977091471
-1,65283879597982
-0,170077699025472
0,0657726669311523
-1,09821721394857
0,224629974365234
-1,03243200937907
1,82329627990723
-1,37702835083008
-1,31783968607585
2,34161321004232
-1,01801635742188
-0,877448857625326
1,77449137369792
-0,589263814290365
-0,51778200785319
1,26411112467448
-0,506214866638184
-0,647551040649414
1,05826703389486
-0,131087226867676
-1,00131301879883
0,760518951416016
-0,0640849804878235
-0,967016016642253
0,702808125813802
-0,0587203510602315
-0,63288766225179
0,863596343994141
-0,00850484291712443
-0,374002596537272
1,05087946573893
-0,143460591634115
-0,500945472717285
0,796059290568034
-1,00905090332031
-0,161497675577799
-3,91572509765625
-3,17572865804036
-0,152181854248047
-2,70651835123698
0,4292236328125
-0,946505610148112
-1,84485168457031
-0,0277679443359376
-1,42353083292643
-1,89503072102865
-1,6848513285319
-1,06954861958822
-1,85767206827799
-0,803131205240885
-1,11884567260742
-1,51507171630859
0,683848355611165
1,43100362141927
-0,0292524973551432
0,863823801676432
2,17028813680013
0,893831278483073
0,552207628885905
1,67066528320312
0,715032780965169
0,0318501790364583
0,997492879231771
0,629507230122884
-0,392685813903809
0,386867078145345
0,606193059285482
0
0
0
0
0
1
0
0
0
0
