-0,327867533365885
1,74389556884766
1,16017738342285
-0,392978337605794
1,22742696126302
0,942020365397135
-0,383082777659098
0,726499888102214
0,456478322347005
-0,107404559453328
0,564173914591471
-0,189162063598633
-0,0544116711616516
0,716966959635417
-0,288026860555013
-0,0270497461160024
0,805730794270833
-0,587349497477214
-0,173792940775553
0,911867065429687
-0,916976369222005
-0,197702020009359
0,82501096089681
-0,953000996907552
-0,00825780868530273
0,531788609822591
-0,609862378438314
1,86010950724284
0,17763542175293
2,41982763290405
-0,857576751708984
-1,70614807128906
5,00913838704427
-0,622141558329264
-2,37364842732747
1,79778058369954
-0,332196178436279
-1,78002497355143
0,956799875895182
-0,250245602925618
-1,31772532145182
0,753184916178385
0,199601179758708
-1,00329424540202
0,16964324315389
0,422919235229492
-0,538238245646159
0,250111923217773
0,658631261189779
1,29050402323405
2,42142247517904
0,601666081746419
1,79329600016276
2,25822102864583
0,468442662556966
1,56169342041016
2,08544570922852
0,0580320676167806
1,31871612548828
1,93744059244792
-0,164550434748332
0,716940612792969
-0,132468795776367
-0,411801122029622
0,522883021036784
-5,19877512613932
-4,96674784342448
-1,05895632425944
-2,33248606363932
-0,627790018717448
-1,00855189005534
-2,02246297200521
0,24990224202474
-0,0887785339355469
-1,67227233886719
-1,22973602294922
-1,33273249308268
0,00484123229980467
-0,729506607055664
-1,55693817138672
0,609491004943848
0,368757247924805
-0,625278854370117
-0,824192562103272
0,879264424641927
0,377039845784505
-1,39773712158203
0,470469309488932
2,23743881225586
0,20088264465332
0,319834543863932
1,93048645019531
0,266616675059001
0,118994172414144
1,49192799886068
0,15037800470988
-0,132812835375468
0,96294199625651
0,194393723805745
-1
-1
-1
-1
-1
1
-1
-1
-1
-1