-0,0563433396816254
-0,129144857724508
-0,171396608352661
-0,038038164973259
-0,0377448137601217
-0,074958537419637
-0,103518466949463
-0,0439792982737223
-0,0753677463531494
-0,113273979822795
-0,0232958153883616
-0,115152689615885
-0,12745272954305
0,0310375599066416
-0,12260409673055
-0,128002955118815
0,0603628492355347
-0,134644702275594
-0,125311012268066
-0,00945426305135091
-0,246245365142822
-0,135620778401693
-0,181144609451294
-0,428191617329915
0,0419948609670003
-0,0491613070170085
-0,476283671061198
0,886623687744141
0,98667423248291
0,936830609639486
0,718872477213542
-0,901664886474609
3,57168711344401
-0,170563430786133
-0,18993745803833
2,54386728922526
0,231062355041504
1,37997548421224
0,342269032796224
-0,213830076853434
1,64707809448242
-0,326725393931071
-0,208522701263428
1,09930852254232
-0,171722173690796
-0,226480992635091
0,694202613830566
-0,103426392873128
-0,234990177154541
0,582551765441894
-0,206400486628215
1,18097178459167
1,80296905517578
-0,400748240152995
1,4251579284668
2,12485397338867
0,0189197603861491
1,05506411234538
1,63773452758789
0,526064364115397
0,813894856770833
1,05767827351888
0,767185414632162
0,464737294514974
0,572251192728678
0,858367131551107
0,11425682703654
0,190221722920736
0,823058446248372
0,0863221995035807
0,301690972646077
-0,691963399251302
-1,05764874776204
0,159811859130859
-3,68638427734375
-4,9029828898112
-2,26881134033203
-1,02146347045898
0,251275889078776
-1,12026194254557
-2,70662434895833
3,23911010742187
2,32250773111979
-3,54015757242838
-0,262487030029297
0,0898673756917318
-1,65713394165039
-1,21333508809408
-0,985399932861328
0,181422271728516
-0,735988451639811
-0,683108952840169
0,162428633371989
-0,156906337738037
0,739280961354574
-0,343170347213745
0,232006111145019
1,62641423543294
-0,640787086486816
-1
-1
-1
-1
-1
1
-1
-1
-1
-1