-0,151089267730713
0,0943602705001831
-0,211933784484863
-0,173686803181966
0,150007387797038
-0,25865390141805
-0,137206745147705
0,187810802459717
-0,298457431793213
-0,110459108352661
0,270159479777018
-0,398076718648275
-0,11595942179362
0,311229476928711
-0,437457377115885
-0,172752796808879
0,261047318776449
-0,412700424194336
-0,206713040669759
0,153492682774862
-0,553635520935059
-0,17534465154012
0,0422640387217204
-0,559203707377116
-0,0343631140391032
-0,0222043561935425
-0,376673736572266
1,57634258270264
0,277549438476562
2,1230917040507
0,495524393717448
0,693421376546224
4,44898559570312
0,824232025146484
1,52516525268555
1,67151326497396
1,12886337280273
1,25715395609538
-0,366162980397542
0,716088129679362
0,778684018452962
-0,22776850382487
2,03740814208984
0,501280339558919
-0,293370819091797
1,89199432373047
0,263137766520182
2,06449600219727
0,73656733194987
0,938752797444661
3,91502573649089
0,250879205067952
1,99893880208333
1,88672302246094
0,136207504272461
1,91306894938151
1,69207870483398
0,0948634338378906
1,09617204030355
-0,352347564697266
-1,1166056060791
0,626040077209473
-5,05949890136719
-2,21547856648763
0,134446036020915
-3,11361511230469
3,09151306152344
0,402661743164063
-2,84619659423828
-1,07414286295573
0,122393531799316
-2,0924861907959
1,31995997111003
-0,648793080647787
-0,918247680664062
0,732627563476563
1,0353337097168
-0,57139902750651
0,924553324381511
1,94095306396484
-0,386568584442139
0,923076934814453
1,94926289876302
-0,19456413269043
0,549648043314616
1,2725030263265
0,034976921081543
0,290939044952393
0,82572265625
0,141881688435872
0,0969053920110067
0,581475385030111
0,145587590535482
-0,0847230577468872
0,486938069661458
0,212809613545736
-0,198634160359701
0,359906412760417
0,221416931152344
-1
-1
-1
-1
-1
1
-1
-1
-1
-1