0,0829067468643189
0,214113585154215
-0,116738189061483
-0,0558636935551961
0,219910780588786
-0,136889966328939
-0,133866933186849
0,199913196563721
-0,0873920917510986
-0,150974620183309
0,199751796722412
-0,10466121673584
-0,185821132659912
0,193250516255697
-0,130260944366455
-0,203937683105469
0,197262929280599
-0,195714817047119
-0,164766025543213
0,186161451339722
-0,278143793741862
-0,107598597208659
0,0791568915049235
-0,291730092366536
0,0112364610036214
0,133789202372233
-0,325711835225423
0,947747042973836
-0,437797724405924
1,67681241353353
0,683706970214844
-1,23940881093343
3,61549011230469
0,33158083597819
-0,442781969706217
2,06704950968424
0,371328442891439
-0,306004142761231
1,61061981201172
0,231087481180827
-0,37736333211263
1,41621119181315
0,256436112721761
-0,394049847920736
1,09090090433757
0,526707229614258
-0,279725341796875
0,843494771321615
0,436402244567871
0,256335570017497
0,970173365275065
0,373159650166829
0,435632006327311
1,25352030436198
0,379649213155111
0,391739489237467
1,38316823323568
0,254298197428385
0,176480280558268
1,1767295328776
0,0225217088063558
-0,158882376352946
0,92301274617513
0,080525000890096
-0,127095286051432
-2,3349657313029
-1,20828454335531
0,638419138590495
-4,36951863606771
-2,48257354736328
-0,327478192647298
-1,56426869710286
-0,167220662434896
-0,960069135030111
-1,69111063639323
0,189236386617025
-1,76905878702799
-1,54404647827148
-0,0725833511352539
-2,08551462809245
0,512526830037435
0,0606356938680013
-1,7754340616862
0,167016048431397
0,173457590738932
-1,00533762613932
-0,0151772789160411
0,441707973480225
1,50325370788574
0,0884709707895915
0,566375172932943
2,42542663574219
-0,167084509531657
0,405557708740234
1,97169357299805
-0,149192374547323
0,121666746139526
1,24968477884928
-0,0860386212666829
0
0
0
0
0
1
0
0
0
0
