-0,0591028261184692
0,143099889755249
-0,0774985281626383
-0,0294475412368774
0,176838582356771
-0,106008227666219
-0,02287708679835
0,152468255360921
-0,0982800960540772
-0,0149760733048121
0,152903881072998
-0,0907544549306234
0,00100910941759745
0,215343939463298
-0,132611805597941
0,00585950156052907
0,243758271535238
-0,236189645131429
-0,0140282932917277
0,136162543296814
-0,281289939880371
0,0469109511375427
0,0459513648351033
-0,272817891438802
0,154799547195435
0,109218772252401
-0,227127234141032
0,757359466552734
0,659006042480469
2,83497873942057
-0,584442291259766
0,659006042480469
3,18707865397135
-0,482681032816569
0,570774129231771
1,58713267008464
-0,283090324401856
0,728998845418294
1,18197448730469
-0,235485439300537
0,524369341532389
1,0138158416748
-0,209914296468099
0,427337214152018
0,617904052734375
0,114159819285075
0,663605003356934
0,0338242340087891
0,266907285054525
1,45207018534342
0,606298688252767
0,239628276824951
2,21930704752604
1,52144678751628
0,269515164693197
1,75384490966797
1,63610336303711
0,092525536219279
1,32024256388346
1,64204717000326
-0,245268220901489
0,786548690795899
1,37418512980143
0,712530797322591
-0,237146759033203
-3,79691670735677
-2,35023531595866
-0,337961057027181
-4,05352874755859
-1,07458404541016
-0,583221079508464
-2,88784952799479
2,74465372721354
-0,307601114908854
-2,2459928894043
-0,244397853215535
-0,485623092651367
-1,90610275268555
-0,224884999593099
-0,564574038187663
-1,5225661722819
-0,000531578063964843
-0,635701268513997
-1,40706532796224
0,212812995910645
-0,198083216349284
-1,0508576965332
0,903190155029297
2,27859258015951
0,363801574707031
0,743152949015299
2,08504516601563
0,350141690572103
-0,550351753234863
0,685100758870443
0,374405148824056
-3,07482767740885
-2,06864562988281
0,662669258117676
0
0
0
0
0
1
0
0
0
0
