-0,125053873062134
-0,0220416971047719
-0,167231006622314
-0,0650665601094564
0,0425438992182414
-0,190504506429036
0,111992521286011
0,155141998926799
-0,207288449605306
0,297499313354492
0,180955985387166
-0,340119050343831
0,0727471542358398
0,0980492226282755
-0,442734336853027
-0,0423069055875142
0,123287765185038
-0,379763895670573
-0,0482779407501221
0,314282430013021
-0,353720982869466
0,0035735567410787
0,416085637410482
-0,318136781056722
0,119402832984924
0,638961029052734
-0,218004636764526
1,45832617441813
0,29438471476237
2,69936064084371
0,351441090901693
-1,49461542765299
2,71750300089518
-0,330540320078532
-1,84439931233724
1,68375157674154
-0,206173788706462
-1,3060285949707
1,3031867980957
-0,208164609273275
-0,962100702921549
0,979970448811849
0,0209092839558919
-0,765888697306315
0,457935517628988
1,20209559122721
0,601501960754395
-0,499122327168783
1,08243456522624
1,13744105021159
-0,143878657023112
0,942319615681966
1,07740063985189
0,262666842142741
0,387436345418294
0,878794860839844
0,882973823547363
-1,45756556193034
0,174397217432658
1,62112375895182
-1,30589948018392
-0,190859905878703
1,33525141398112
-0,184451726277669
-0,243949254353841
-1,5028719329834
-1,36742390950521
-0,0787670389811198
-3,29865549723307
-4,55858001708984
-1,25615526835124
-0,928737436930339
-0,137660471598307
-0,496053314208985
-1,26076291402181
0,229419148763021
-0,0919282531738281
-1,55647699991862
-0,88854866027832
-1,75552864074707
-0,0795660909016927
-0,77683957417806
-2,07759475708008
1,45615610758464
-0,305391861597697
-1,66736694335937
0,948486989339193
0,0344837156931559
-1,24366154988607
0,500996170043945
0,210420303344727
-0,612107213338216
0,227471596399943
0,356773529052734
-0,278324305216471
0,0525454060236613
0,196757211685181
-0,295578575134277
0,0425628678003947
0
0
0
0
0
1
0
0
0
0
