-0,394283854166667
0,212141157786051
0,115221757888794
-0,432392082214355
0,181040445963542
0,168491045633952
-0,44900883992513
0,193085924784342
0,158695643742879
-0,416695302327474
0,289721310933431
0,039552632967631
-0,253705698649089
0,437124239603678
-0,192688633600871
-0,31018767674764
0,467306734720866
-0,43223876953125
-0,42004576365153
0,434154485066732
-0,610987065633138
-0,387184143066406
0,28373716990153
-0,717908986409505
-0,18068123181661
0,268684679667155
-0,643683840433757
1,78030104001363
0,364311828613281
2,29526865641276
0,518198903401693
-0,941541900634766
3,95124155680339
-0,550372034708659
-1,98801096598307
1,40189277648926
-0,364345525105794
-1,46589096069336
1,04900548299154
-0,261016000111898
-1,21182640075684
0,703166834513346
-0,128242235183716
-0,996667226155599
-0,016504332224528
2,44076171875
0,30130646387736
0,243122431437174
1,6666828028361
0,412626317342122
2,72599080403646
0,229786491394043
1,61711435953776
2,5046962483724
0,117772903442383
0,925512847900391
3,93958129882812
-0,567635701497396
-1,04659851074219
2,67353037516276
-0,96387949625651
-1,64210632324219
1,7635422261556
-0,0701985931396484
-0,264584643046061
-2,47579289754232
-2,52924832661947
-0,99654727935791
-3,87892206827799
-3,68146565755208
-1,67643803914388
-2,27221598307292
2,90603942871094
0,57341189066569
-2,17444427490234
-1,14954823811849
0,743676579793294
-0,500319341023763
-2,11347462972005
-0,585189590454102
-0,379035352071126
1,37307355244954
-1,81791155497233
-1,57809448242188
1,25649546305339
-1,20309819539388
-1,96299107869466
1,15313303629557
-0,481383641560872
-1,30909777323405
1,04735313415527
-0,120726591746012
-1,00913953145345
0,828062108357747
0,0470868094762166
-0,65470713297526
0,392716636657715
-0,0830439376831055
-0,34279338200887
-1
-1
-1
-1
-1
1
-1
-1
-1
-1