-0,119362166722616
-0,0754010470708211
-0,331447423299154
-0,0865161863962809
0,118153324127197
-0,158869895935059
-0,131703936258952
0,159471476872762
-0,217579676310221
-0,164008563359578
0,27816011428833
-0,291639048258463
-0,0696799739201864
0,433758951822917
-0,312211335500081
0,207672917048136
0,480514106750488
-0,536402397155762
-0,0218102900187175
0,478157285054525
-0,867764765421549
-0,230861759185791
0,432002461751302
-0,81387944539388
-0,0448047836621602
0,446704444885254
-0,64352773030599
0,71977196375529
0,888127924601237
2,11580112457275
1,03069183349609
-0,24143502553304
4,00711975097656
-0,0375201924641927
-0,242238438924154
2,19526433308919
-0,128699769973755
0,498188641866048
0,364406483968099
-0,139508371353149
0,39146422068278
0,31677074432373
0,519888141949972
-0,726562601725261
-1,57960358301798
1,00370839436849
-1,06528694152832
-1,91376429239909
1,70383305867513
-0,261752141316732
1,35375717163086
0,258102734883626
0,633047733306885
2,17393829345703
-0,160472475687663
-0,219672857920329
1,03656951904297
-0,736718902587891
-1,52919370015462
0,864458414713542
-1,01565455118815
-2,11494522094727
-0,330716336568197
-0,650626118977864
-1,51219314575195
-3,82253092447917
-3,10277760823568
-0,904995930989583
-3,72775736490885
-0,252516225179036
-0,607803675333659
-3,0049169921875
2,34954045613607
-0,753721923828125
-1,65580057779948
-0,187761828104655
-0,283553428649902
-0,588261248270671
-0,0138837051391602
-0,725596319834391
-0,442598342895508
1,40114420572917
-1,81641998291016
-1,17659151713053
1,36527760823568
-1,16384020487467
-1,09342473347982
1,24480051676432
-0,273280970255534
-0,614649759928385
1,0084548441569
0,21642341931661
-0,260651435852051
0,70990301767985
0,250247815450033
-0,262252388000488
0,328049704233805
0,047401696840922
-0,180666472117106
-1
-1
-1
-1
-1
1
-1
-1
-1
-1