-0,256383419036865
0,119046713511149
0,106796938578288
-0,162182470957438
0,154653304417928
0,150013545354207
-0,00858372529347738
0,256564337412516
0,0767918332417806
0,163067385355632
0,388107261657715
-0,12021667321523
0,118655915260315
0,312831497192383
-0,258487949371338
-0,0792108758290609
0,208331756591797
-0,309526049296061
-0,11007319132487
0,157609284718831
-0,38864990234375
-0,0906110382080078
0,054832181930542
-0,345313135782878
0,095550807317098
0,159895817438761
-0,286554527282715
2,14421891530355
0,30447681427002
3,11849275271098
0,472799428304037
0,41729133605957
5,98536814371745
-0,588852767944336
0,559939270019531
1,8026390838623
-0,363161010742187
0,497125803629557
0,546307220458984
-0,399420839945475
0,416138648986816
0,271951802571615
-0,410133794148763
0,309457562764486
0,00381201187769572
-0,0279681332906087
0,137131182352702
-0,191692632039388
0,369261283874512
0,263069794972738
-0,0304645315806071
0,421184005737305
0,565097885131836
0,394645729064941
0,472357050577799
0,682827860514323
0,535294481913249
-0,170967528025309
-0,355918223063151
1,53079902648926
-1,57792922973633
-0,576040674845378
1,24061973571777
-0,876629791259765
-0,724820327758789
-0,0892705281575522
-0,37518315633138
-0,862078704833984
-5,38306599934896
-3,36873580932617
-0,641109466552734
-3,17855422973633
1,00124608357747
-0,409402287801107
-2,08799204508464
1,15523490905762
-0,790379104614258
-1,9283576965332
0,588126653035482
-1,26031814575195
-1,84729237874349
1,24295183817546
-1,17436482747396
-2,00229423522949
1,30913645426432
2,46377146402995
-0,641317087809245
1,10118853251139
1,58662902832031
0,829947789510091
1,03827344258626
1,39529337565104
0,43722599029541
0,773408203125
1,12931755065918
0,289040540059408
0,513853899637858
0,784644343058268
0,494521052042643
0
0
0
0
0
1
0
0
0
0
