1,80403493245443
-1,53976282755534
-1,16365896860758
-1,38577748616536
-2,35617416381836
0,492179959615072
-1,16050463358561
-2,09315221150716
0,247433999379476
1,29286972045898
0,189730834960937
-0,644512408574422
1,75387082417806
1,40158083597819
-0,40476806640625
0,181529132525126
0,645970770517985
-0,0478094800313314
-0,0896184651056925
-0,00796344439188639
-0,407543347676595
-0,221376260121663
-0,245805568695068
-0,376139030456543
-0,127351924578349
-0,248413041432699
-0,31248099009196
1,40336070855459
-0,111627566019694
2,24094479242961
0,591932729085286
-0,139766337076823
3,55361063639323
0,407434997558594
0,709313761393229
2,01607264200846
0,34851245880127
0,605193977355957
1,49172292073568
0,288477172851563
0,419731826782227
1,21003557840983
0,263138758341471
0,14884472211202
0,600840530395508
0,530318387349447
0,0594671559333801
0,113169765472412
0,856954193115234
0,0778160691261292
0,338540598551432
0,922353185017904
0,268432420094808
0,804332962036133
0,764584706624349
0,414189936319987
1,07565907796224
0,556433474222819
0,394852498372396
1,1163597869873
0,0448193836212158
0,217320261001587
1,03943433125814
0,451006358464559
-0,390693028767904
-1,80370679219564
-2,64190442403158
-1,26030064900716
-3,44284118652344
-4,19025797526042
-1,8370063273112
-3,22496419270833
0,310328877766927
0,737209930419922
-1,96359939575195
0,675066560109456
1,79632937113444
-1,50785898844401
-1,34084429740906
-0,305475260416667
0,0219507853190104
1,97171793619792
-0,748419901529948
0,28214776357015
2,93099100748698
2,82014907836914
-0,612127507527669
0,214571692148844
2,14505874633789
0,729495264689128
-0,457483215332031
1,32043856302897
0,938195317586263
-0,60699400583903
0,898751525878906
0,914186248779297
-0,888349456787109
0,396261310577393
0,884587376912435
0
0
0
0
0
1
0
0
0
0
