-0,0967370001475016
-0,0263707558314006
0,103775873184204
-0,113548774719238
-0,0188930161794027
0,0604341650009155
-0,120987199147542
0,0417125082015991
0,0654792006810506
-0,117923415501912
0,0938557100296021
0,0925231742858887
-0,138889128367106
0,218753108978271
0,00625709454218547
-0,0312176291147868
0,293628902435303
-0,0863081630071004
0,0519781398773193
0,0429183038075765
-0,238477617899577
-0,18664678255717
-0,382832736968994
-0,311262359619141
-0,158378388086955
-0,375121103922526
-0,311601079305013
0,159078547159831
-0,236093368530273
2,58661032994588
-0,890934193929037
1,35976768493652
2,33714319864909
-0,547923189798991
1,78576319376628
1,62214859008789
-0,318039944966634
1,2369989267985
1,12570381164551
-0,271066303253174
0,790422668457031
1,01662518819173
-0,231811866760254
0,553493474324544
0,745294774373372
0,286120198567708
0,48390858968099
0,321240653991699
0,722129084269206
0,306256230672201
0,481601848602295
1,51140604654948
-0,306160208384196
3,11302754720052
0,248777109781901
0,760557657877604
3,06236338297526
-0,386760088602702
1,37284540812174
2,30680536905924
-0,536599782307943
0,984851455688477
1,84903477986654
0,573430569966634
0,908890228271484
-4,85654632568359
-2,27281677246094
-0,678742472330729
-4,58381062825521
-0,618723627726237
-0,928811492919922
-1,87291564941406
0,255489501953125
-1,81783493041992
-1,83352920532227
-0,0317545286814372
-1,58794118245443
-1,72008682250977
1,72246873537699
-0,318134358723958
-1,91830718994141
2,47095606486003
1,94792149861654
-1,22343073527018
1,70731811523438
2,48644134521484
0,594027913411458
1,26870208740234
1,98869511922201
0,722843182881673
0,657952423095703
1,39407674153646
0,444902826944987
0,0858906555175781
0,792559407552083
0,502315355936686
-0,36625155766805
0,452546602884928
0,550969670613607
0
0
0
0
0
1
0
0
0
0
