-0,390976092020671
-0,222726472218831
-0,0640503756205241
-0,278878854115804
-0,237292887369792
-0,156950019200643
-0,202084566752116
-0,263668835957845
-0,242746073404948
-0,0783481915791829
-0,130739431381226
-0,239137102762858
0,00203348795572917
-0,0909370581309001
-0,231323229471842
-0,176381416320801
-0,216166127522786
-0,275269298553467
-0,230569349924723
-0,328665199279785
-0,378860638936361
-0,159016253153483
-0,31065460840861
-0,431752955118815
-0,0636915938059489
-0,122199780146281
-0,439328956604004
2,91380366007487
-0,051811056137085
3,67338750203451
0,207445837656657
-0,847275848388672
3,60254501342773
0,250216617584229
-1,88183746337891
1,54452911376953
0,283147137959798
-1,37425247192383
1,1909285736084
0,256576811472575
-1,13444109598796
1,0293994140625
0,143850479125977
-0,973790715535482
0,825889027913412
0,217502714792887
-0,866364898681641
0,426177043914795
0,574658978780111
-0,525039393107096
0,374965724945068
0,445174700419108
-0,235542662938436
0,581754442850749
0,54914358774821
-0,113837734858195
0,707143859863281
-0,182574513753255
-0,59792903582255
1,7578443145752
-0,669219525655111
-0,436801838874817
1,40699467976888
-0,56671875
0,0525699027379354
1,22339419047038
-0,328733545939128
0,356461493174235
-0,295705235799154
-1,42032330830892
0,036157595316569
-3,35123046875
-4,24473124186198
-1,68135508219401
-1,32688563028971
-0,59198720296224
-1,10945187886556
-2,60984970092773
5,09352376302083
1,02905075073242
-3,30962412516276
-1,59822998046875
0,577969106038411
-1,29532920837402
-1,55943232218424
0,687208862304688
-0,883192901611328
0,208487675984701
1,16132158915202
-1,27265548706055
2,37622406005859
1,8402123260498
-1,68713541666667
0,314820162455241
1,87728505452474
-0,765561345418294
-0,449909051259359
1,02201146443685
-0,145458760261536
-1
-1
-1
-1
-1
1
-1
-1
-1
-1