0,172656205495199
0,140411732991536
0,288260815938314
0,165422846476237
0,140399783452352
0,223152351379395
0,161878407796224
0,131985038121541
0,186489664713542
0,14647891998291
0,0824013646443685
0,214791698455811
0,205992221832275
0,135959409077962
0,173975308736165
0,284048398335775
0,230442740122477
0,0480336173375448
0,23839173634847
0,25306510925293
-0,073764746983846
0,233693364461263
0,202560634613037
-0,17228617032369
0,425908012390137
0,289106718699137
-0,325203723907471
1,96149284362793
0,808031806945801
-0,854982668558756
1,88084075927734
-0,343121490478516
-1,44848124186198
1,01894205729167
-0,388505172729492
-0,880842641194662
0,741199035644531
-0,154787724812826
-0,503824030558268
0,740421015421549
0,111784831682841
-0,0903085358937581
0,653916600545247
0,0975834894180298
0,245925979614258
0,498410224914551
-0,0488549709320068
0,245863819122314
0,390507520039876
-0,159785273869832
0,289864743550618
0,309008089701335
-0,347990334828695
0,335155245463053
0,2832723681132
-0,48362299601237
0,152638556162516
0,492389844258626
-0,303589553833008
0,126925064722697
0,939309005737305
1,19601452827454
1,26146779378255
0,903293202718099
1,58634318033854
1,74597345987956
0,814931513468424
0,998526713053385
1,52263178507487
0,490176328023275
0,405571378072103
1,37596354166667
-0,0379706128438314
0,0308627732594808
1,01191078186035
-1,28724187215169
-0,0790588283538818
-2,9642421468099
-2,62440012613932
-0,515177981058757
-2,18444229125977
-0,614567616780599
-0,51386910756429
-1,89414784749349
1,28167322794596
-0,0949485524495443
-2,45369140625
-2,13489878336589
-0,867113596598307
-1,25412724812826
-0,336459197998047
-0,0324057133992512
-1,16989349365234
2,40159871419271
1,90683680216471
-1,59781280517578
1,6280105082194
1,20945223490397
-1,38915654500326
-1
-1
-1
-1
-1
1
-1
-1
-1
-1