0,105450127919515
0,0930080223083496
-0,124830395380656
0,113355436325073
0,0795923169453939
-0,257457809448242
0,119286740620931
0,110973208745321
-0,378905830383301
0,177136494318644
0,187655309041341
-0,300218410491943
0,171597204208374
0,255454851786296
-0,27778928120931
-0,154323085149129
0,165489521026611
-0,385472997029622
-0,339949048360189
0,0217018620173136
-0,452994906107585
-0,201014836629232
-0,173019711176554
-0,35645263671875
-0,0883785661061605
-0,103288685480754
-0,223805227279663
0,555718415578206
0,209545032183329
1,86167146364848
-0,369079882303874
0,148421007792155
1,87744105021159
-0,17517191251119
0,0512095713615418
1,45785680135091
-0,0218799034754435
-0,118395312627157
1,16841054280599
0,0488250954945882
-0,269641640981038
1,00116460164388
0,0484150981903076
-0,339552332560221
0,729851888020833
1,1034490331014
-0,419427159627279
0,609757690429688
1,49387067159017
-0,598858311971029
1,21152743021647
0,821167755126953
-0,520307172139486
1,19068534851074
0,594307530721029
-0,498183784484863
1,15130688985189
0,23339474995931
-0,503429285685221
1,05968226114909
-0,172120234171549
-0,559495862325033
0,884800211588542
-0,352967758178711
-0,159745292663574
-0,626882438659668
-1,89528010050456
0,13890071551005
-2,59398549397786
-2,90050440470378
0,361801252365112
-2,15996653238932
2,77487009684245
-0,166100667317708
-2,15295761108398
-1,86257731119792
-1,62431355794271
-0,701988779703776
-1,75239242553711
-1,42763768513997
-0,686252746582031
1,18671849568685
1,14253868103027
-0,744017537434896
1,58062932332357
2,93026412963867
-0,34719357808431
0,586073481241862
1,66360931396484
0,360027446746826
0,0667713069915771
0,978198699951172
0,450441462198893
-0,333128534952799
0,426852868398031
0,544647064208984
-0,594132601420085
0,0669338544209798
0,456011492411296
-1
-1
-1
-1
-1
1
-1
-1
-1
-1