-0,113403895696004
0,0683466561635335
-0,0317099483807882
-0,103809458414714
0,104996372858683
-0,090146967569987
-0,145943886439006
0,143300638198853
-0,143030058542887
-0,203933041890462
0,0598002513249715
-0,167426824569702
-0,211437981923421
-0,013675012588501
-0,273458938598633
-0,211522261301676
0,0693953482309977
-0,358771171569824
-0,164062175750732
0,0607250467936198
-0,329602381388346
-0,0624109077453613
0,105623602867126
-0,295422439575195
0,0644091200828552
0,382117500305176
-0,178894631067912
0,0846531550089518
-0,980679613749186
2,22299284617106
-0,169454282124837
0,745315704345703
2,59083791097005
-0,0257049536705017
1,31697794596354
1,54649866739909
0,0166409118970235
0,995666147867838
1,21974906921387
0,0661956262588501
0,586043090820313
0,907304331461589
0,00694561719894409
0,292725715637207
0,641602121988932
0,186337763468424
0,439794845581055
0,321295235951742
0,465951970418294
0,729612426757813
0,319375425974528
0,523376998901367
0,754931564331055
1,19784127553304
0,732284367879232
1,01186317443848
2,40180338541667
0,0450170135498047
0,437171808878581
1,95461303710938
-1,09457069396973
-0,207850494384766
1,05625882466634
-1,01193369547526
-0,0698086285591126
0,9189501953125
-0,681801274617513
-0,0544884403546651
-0,643131052652995
-1,7322848256429
-0,11311216990153
-4,23254058837891
-2,43833724975586
-1,17114725748698
-1,90081563313802
2,18740036010742
0,0179302724202474
-2,87712946573893
-0,712286783854167
0,39314208984375
-1,58010172526042
-0,348276592890422
-1,02100891113281
-0,12224026521047
0,0505483253796895
-0,640777994791667
-0,144223086833954
0,235105628967285
-0,0786361185709635
-0,310826899210612
0,991357561747233
2,1347692489624
-0,797271385192871
0,904388758341471
2,40855555216471
-0,199485471248627
0,51429141998291
1,52625406901042
0,00531226485967636
0
0
0
0
0
1
0
0
0
0
