0,243095226287842
0,233577893575033
0,340703773498535
0,453062489827474
0,394961001078288
0,146948887507121
0,485532073974609
0,566771965026855
-0,0604778019587199
0,320074399312337
0,560094388326009
-0,119180196126302
0,159640343983968
0,576886418660482
-0,303750686645508
0,313931210835775
0,866592508951823
-0,587988192240397
0,371667734781901
0,922515411376953
-0,735283559163411
0,205022373199463
0,493241011301676
-0,613143666585286
0,326835276285807
0,16339874903361
-0,261824865341187
1,11302227020264
-0,0590274175008138
1,93352503140767
0,556039250691732
-1,2213264465332
3,46015635172526
0,559506975809733
-1,86737533569336
-0,12956901550293
0,693511962890625
-1,74984013875326
-0,655029640197754
0,499560763041178
-1,74469670613607
-0,339515113830566
0,227104781468709
-1,55243962605794
-0,203711827596029
0,312587531407674
-1,28923624674479
-0,323393732706706
0,449813957214356
-0,882569427490234
-0,00511202812194824
0,411557108561198
-0,464179560343424
0,209437503814697
0,364861818949382
-0,534430096944173
0,495746218363444
0,178584890365601
-0,440703608194987
0,701048100789388
-0,185219732920329
-0,426456934611003
0,634159049987793
-0,296697985331217
-0,805040486653646
-0,566354866027832
-0,53649419148763
-0,077890625
-4,78871561686198
-4,65840698242188
-2,20967315673828
-1,17265502929687
-1,78182459513346
-2,17247736612956
-1,78847361246745
4,39496327718099
1,82528671264648
-2,42594848632812
-0,234785664876302
-1,51259877522786
-0,195773162841797
-0,672314961751302
-1,73277908325195
0,814926274617513
-0,248279485702515
-1,46275695800781
0,363502311706543
0,105888433456421
-0,93076649983724
-0,0346690972646077
0,0997893142700195
2,12787175496419
0,117394161224365
-0,249525082906087
1,6234071858724
0,21730889638265
-0,196395683288574
1,08178421020508
0,306611544291178
-1
-1
-1
-1
-1
1
-1
-1
-1
-1