-0,00354928036530813
0,101321973800659
0,037353359858195
-0,00549733400344849
0,129117342631022
0,0189468657970428
-0,0753065156936645
0,131047582626343
-0,0131573188304901
-0,111712999343872
0,156250330607096
-0,0555348110198975
0,00483764330546061
0,289240315755208
-0,17960426012675
0,0306211964289347
0,349261207580566
-0,417019411722819
-0,0744423564275106
0,342836799621582
-0,472687695821126
0,0116374627749125
0,338713607788086
-0,448091061909994
0,114625164667765
0,464179979960124
-0,425602951049805
1,49004447937012
-0,38089594523112
1,89876499176025
0,468847389221191
-1,54654889424642
2,00579471588135
-0,287075729370117
-1,57865697224935
0,513847414652507
-0,0793990341822306
-1,41749699910482
0,443911946614583
-0,0580518484115601
-1,1685338083903
0,45660639444987
-0,00977562745412191
-0,799126510620117
0,102068239847819
0,114050073623657
-0,264816869099935
0,343146184285482
0,177642663319906
0,348779729207357
1,41643610636393
0,312833251953125
0,430580368041992
1,35340957641602
0,289149475097656
-0,16413143157959
1,59671930948893
0,140642388661702
-0,481161880493164
1,41847559611003
0,0445242595672607
-0,507490692138672
1,29241592407227
-1,11115966796875
0,496953557332357
-2,03340540568034
-2,68293904622396
-1,46252848307292
-5,29386678059896
-3,12049825032552
1,00142776489258
-0,734508310953776
2,1184657796224
1,12832458496094
-1,33143697102865
-2,44901997884115
-0,389704030354818
0,0607809066772461
-1,77695383707682
-0,72866574605306
0,156619523366292
-0,985188700358073
-0,260047753651937
0,0103551046053569
0,0871482721964518
1,71536376953125
-0,485768152872721
-0,460141976674398
-0,305976155598958
0,296748692194621
-0,660731836954753
-0,41914363861084
0,555340042114258
-0,447047424316406
-0,423582611083984
0,371574236551921
-0,358396504720052
-0,360989723205566
0,281376482645671
0
0
0
0
0
1
0
0
0
0
