0,281837031046549
-0,332794087727865
-0,609901580810547
0,28291784286499
0,0480306307474772
-0,514362538655599
0,393195292154948
0,222245578765869
-0,0169804827372233
0,389352849324544
0,279374815622965
0,246279449462891
0,412340876261393
0,124762681325277
0,106357510884603
0,31822971979777
-0,164320815404256
0,273364435831706
0,361636549631755
-0,1851593430837
0,0454319699605306
0,509153048197428
0,109635092417399
-0,173250840504964
0,602822875976562
0,440622927347819
0,104102865854899
0,230117808977763
0,309226582845052
1,56144376118978
-0,0482427151997884
-0,201513786315918
1,77596989949544
-0,130199476877848
-0,411909014383952
1,43824162801107
-0,369513346354167
-0,713228022257487
1,27674713134766
-1,09401384989421
-0,879420293172201
-2,33124206542969
-4,45154174804687
-2,28190633138021
-2,23708295186361
0,0739198811848958
-0,922437337239583
-0,832956568400065
0,861430867513021
2,42797108968099
-2,0062203725179
-1,31283856709798
0,72769660949707
-0,372262064615885
0,978451512654622
-0,85700309753418
2,06532857259115
0,929177373250325
-0,517834205627441
1,44705118815104
0,83727663675944
0,0661757659912109
0,854412638346354
0,618929646809896
0,354243507385254
0,729702326456706
0,0647665850321452
0,0361134020487467
0,878042068481445
-0,378814551035563
-0,280236651102702
0,891211268107096
-0,475074284871419
-0,375097859700521
0,69001579284668
-0,285291220347087
-0,272003924051921
0,512459437052409
-0,140994876225789
-0,177685883839925
0,397179985046387
-0,139698171615601
-0,199841066996257
0,405671348571777
-0,194586849212646
-0,247879308064779
0,429045473734538
-0,144760624567668
-0,129279410044352
0,428235155741374
-0,0972909100850423
-0,132833925882975
0,383803304036458
-0,0517578474680583
-0,147023811340332
0,345632057189941
-0,0932466284434001
-0,296694100697835
0,300225582122803
0
0
0
0
0
1
0
0
0
0
