0,16831059773763
-0,0484970871607463
-0,102445262273153
0,172842508951823
-0,0567441892623901
-0,13068806330363
0,19749324798584
0,00453941265741984
-0,136861461003621
0,174654846191406
0,019465514421463
-0,15553066889445
0,137842922210693
-0,0544175513585409
-0,271866563161214
0,0583491595586141
-0,172401466369629
-0,258540515899658
0,0408095264434814
-0,227546138763428
-0,282065588633219
0,0651520156860352
-0,268391602834066
-0,318918323516846
0,134995816548665
-0,165102240244548
-0,32414426167806
0,99126563390096
0,104374675750732
1,22376068115234
0,170864486694336
0,221231867472331
2,24899307250977
0,669185752868652
0,2223894627889
1,09369697570801
0,616875902811686
-0,0960908031463623
0,786931533813477
0,500276285807292
-0,394095967610677
0,569375661214193
0,362646236419678
1,237200756073
-1,72549814860026
0,239420223236084
2,32881317138672
0,417990125020345
0,634889399210612
1,48014275868734
1,97248194376628
1,05085090637207
0,384852129618327
1,92135762532552
-0,843482284545898
-1,9928173828125
1,93639490763346
-0,979572397867838
-1,58017771402995
1,29540084838867
-1,78503275553385
0,160643488566081
-4,78347422281901
-1,87958628336589
-1,56772720336914
-2,56712361653646
2,8400688680013
-0,694867960611979
0,472653783162435
-0,198099822998047
-1,30951802571615
-1,27488917032878
-0,256419061024984
-0,0278804103533427
0,23000337600708
0,172830715179443
-0,00799151182174683
0,0122761058807373
0,40373161315918
1,60445624828339
-0,785913492838542
0,237215458552043
1,73267405192057
0,189000638326009
-2,02405654907227
-1,64256820678711
2,26110687255859
-1,98552790323893
-1,62552017211914
1,39494593302409
-1,41396667480469
-1,19175895690918
0,936415939331055
-0,924911321004232
-0,803874944051107
0,594928042093913
-0,719643910725912
-0,634717737833659
0,438612531026204
-1
-1
-1
-1
-1
1
-1
-1
-1
-1