0,023764599909385
0,375695724487305
0,0631201791763306
0,156030235290527
0,517633641560872
-0,0376751852035523
0,211786568959554
0,670279986063639
-0,163327713012695
0,103571170171102
0,645265197753906
-0,269405479431152
-0,0798464202880859
0,564401295979818
-0,313198458353678
-0,146323461532593
0,454264793395996
-0,340414822896322
-0,188045279184977
0,198459224700928
-0,404961153666178
-0,091575117111206
0,0306236521402995
-0,521820017496745
0,0386049588521322
0,0932604821523031
-0,456338043212891
0,69165225982666
-1,17170879999797
2,27722461700439
0,609730656941732
-1,57236643473307
2,60596338907878
0,311813036600749
-0,143849951426188
0,892062327067057
0,425601628621419
-0,130054807662964
0,512931346893311
0,564893595377604
-0,15568808555603
0,00610191027323405
0,730047658284505
-0,245187524159749
0,157878079414368
1,44012852986654
-0,480732396443685
2,3952569325765
0,0205207379659017
0,255737469991048
2,18048380533854
-0,157567259470622
0,548027203877767
1,56368072509766
-0,302142365773519
0,321647459665934
1,10167978922526
-0,472587025960286
0,00227559089660645
0,852563908894857
0,105931777954102
0,418718697230021
-2,11510503133138
-4,2183701578776
-1,51614535013835
-2,81992263793945
0,0338525899251304
-0,735105438232422
-0,943643849690755
1,38799926757812
2,95346833546956
-0,577815755208333
-2,31140691121419
-0,824911893208822
-1,6507773844401
-1,0718372853597
-1,34161636352539
-1,19430318196615
-0,0902805900573731
0,35723575592041
-0,756295725504557
0,210334202448527
0,390775400797526
-0,601369069417318
0,0884790706634522
1,98553395589193
-0,491800765991211
-0,369187876383464
1,33831064860026
-0,130099325180054
-0,666563186645508
0,494288476308187
0,201542803446452
-0,623708737691243
0,0665818850199382
0,388455670674642
-0,337661768595378
0,169144643147786
0,318786773681641
-1
-1
-1
-1
-1
1
-1
-1
-1
-1