-0,666563186645508
0,494288476308187
0,201542803446452
-0,623708737691243
0,0665818850199382
0,388455670674642
-0,337661768595378
0,169144643147786
0,318786773681641
-0,0564628513654073
0,376455268859863
-0,150746625264486
0,0175327475865682
0,600039863586426
-0,245426788330078
0,0884692239761353
0,749599329630534
-0,355397402445475
-0,0385410801569621
0,585784200032552
-0,494604377746582
-0,14616304397583
0,389895820617676
-0,516611035664876
-0,00365288893381754
0,167778221766154
-0,400775947570801
0,995179494222005
-1,30371919314067
1,80159589131673
0,557061869303385
-2,69211558024089
2,94605112711589
-0,471877683003743
-1,89816818237305
1,87776326497396
-0,364223810831706
-1,17674710591634
1,24942665100098
-0,161371275583903
-1,03876261393229
0,978029479980469
0,294548664093018
-0,746594365437825
0,655112660725911
0,549863344828288
-0,632642135620117
0,615114873250326
0,60919127146403
-0,558174654642741
0,859345372517904
1,6774746576945
0,180506846110026
1,51658765157064
1,69003651936849
0,289695409138997
1,53539128621419
-0,0283870697021484
-0,534979095458984
1,3796959177653
-0,61792589823405
-0,633832664489746
1,24184488932292
-0,763279571533203
-0,476262283325195
1,12751398722331
1,04973429361979
3,02364105224609
-3,1432524617513
-5,0524745686849
-0,473275451660156
-1,57864273071289
-1,29629333496094
-2,25890925089518
0,239423993428548
2,13392772674561
1,61255368550618
-1,29098246097565
1,5319303894043
3,17327484130859
-2,06526270548503
-1,5700412495931
-0,158479102452596
-1,63145029703776
-1,01773671468099
-0,455565071105957
-1,01310017903646
0,473376617431641
-1,74740951538086
-0,351735636393229
0,989449717203776
2,40675669352214
-2,39630727132161
0,418705978393555
2,7296240234375
-0,251009852091471
-0,467636845906575
0,797646204630534
0,796382344563802
-1
-1
-1
-1
-1
1
-1
-1
-1
-1