-0,103297745386759
0,245278275807699
0,0984074115753174
-0,120247901280721
0,165939426422119
0,130823497772217
-0,0649622869491577
0,271444549560547
0,0629292114575704
-0,0556390428543091
0,338961194356283
-0,0390052318572998
-0,113584410349528
0,361600011189779
-0,163952938715617
-0,202907752990723
0,234305763244629
-0,376235656738281
-0,202992795308431
-0,0474538119633993
-0,609289576212565
-0,0674659093221029
-0,253640454610189
-0,579989051818848
0,0833595498402913
-0,14621267636617
-0,416193033854167
0,687983487447103
-0,667143030166626
2,31452695846558
0,858016993204753
-1,24169204711914
3,03506479899089
-0,148480669657389
-0,399289525349935
0,381236356099447
-0,0833170223236084
0,000596372286478678
0,174827162424723
-0,0933803590138753
-0,0829650068283081
0,252976684570313
0,660625294049581
0,270337454477946
-1,46174321492513
1,14443743387858
0,464388758341471
-1,99025405883789
1,59945119222005
0,390809669494629
1,56288981119792
-0,345000152587891
0,460701967875163
2,41575861612956
0,0727001698811849
0,349870376586914
0,980338668823242
-1,11142049153646
-0,115052083333333
1,08906799316406
-0,76241689046224
-1,36693600972493
1,18437161763509
-0,767457758585612
-0,960721817016602
1,06591326395671
-0,277348251342773
0,182557525634766
-0,299123802185059
-0,807730611165365
2,34032877604167
-2,66708368937174
-3,33705800374349
-2,43650914510091
1,26335861206055
-1,88115595499674
-2,53049957275391
0,54178352355957
-1,02718963623047
-1,62427673339844
0,167247505187988
-0,431953913370768
-1,08251859029134
0,0898043028513591
-0,103419812520345
-0,797860158284505
0,0954795742034912
-0,128271916707357
-0,625206667582194
0,0392802035808563
-0,186418437957764
-0,478047307332357
-0,0248359839121501
-0,140012874603271
-0,273549200693766
-0,129654598236084
-0,0994508425394694
-0,185508817036947
-0,163918199539185
-1
-1
-1
-1
-1
1
-1
-1
-1
-1