-0,0563908974329631
0,416599426269531
-0,0711789671579997
-0,0939673376083374
0,400083363850912
-0,155251143773397
-0,110323079427083
0,425541763305664
-0,189320182800293
-0,0970231437683105
0,446851374308268
-0,207619209289551
-0,0573440217971802
0,601782786051432
-0,287002735137939
0,0559280872344971
0,826098836263021
-0,533852055867513
-0,0728151432673136
0,524019241333008
-0,708808085123698
-0,0264688936869303
0,0644075075785319
-0,576626396179199
0,0661000124613444
-0,284290472666423
-0,412364412943522
0,614288781483968
-1,93280909220378
1,75579303741455
0,72654249827067
-2,36164138793945
2,92524108886719
0,0353564874331156
-1,08585324605306
1,3600094350179
0,01621098279953
-0,774018046061198
1,11208272298177
0,314671065012614
-0,503463300069173
1,00709477742513
0,541160748799642
-0,17604336420695
1,40297154744466
0,469280204772949
1,67584097544352
1,81037048339844
-0,413902053833008
1,90161972045898
2,23111740112305
-0,587631607055664
-0,0230931599934895
1,31239987691243
-1,11194132486979
-2,6388232421875
0,242323201497396
-1,42501302083333
-2,15552841186523
0,224820397694906
-0,0566506449381511
0,177318216959635
-2,85552660624186
-2,87806905110677
0,844616088867188
-3,59682810465495
-1,39070856730143
-0,53191037495931
-1,48568054199219
1,37217946370443
1,18888814290365
-0,813123168945312
-0,82046137491862
-2,07499114990234
-0,844478810628255
-0,851586074829101
-1,84389460245768
-1,20812512715658
-0,288448549906413
-1,28265625
-0,910096130371094
0,0405499998728434
-0,789483286539714
-0,751139272054036
0,726959660847982
2,73253733317057
-0,171367613474528
-1,2918199412028
0,435286356608073
0,956252101262411
-2,58625900268555
-3,29476745605469
2,66044906616211
-1,83965647379557
-2,10707901000977
1,17207049051921
-1,11473836263021
-1,24572992960612
0,643904469807943
-1
-1
-1
-1
-1
1
-1
-1
-1
-1