-0,161114660898844
-0,0779708782831828
-0,40498348236084
-0,109446957906087
-0,105671602884928
-0,328394444783529
-0,0187924162546794
-0,0463728046417236
-0,231767333348592
0,0477031938234965
0,121906051635742
-0,132291577657064
-0,0302824099858602
0,152170858383179
-0,194369106292725
0,023651377360026
0,178489742279053
-0,31907133102417
0,244470392862956
0,229685509999593
-0,535834465026856
0,416316757202148
0,328421274820964
-0,744611028035482
0,180528653462728
0,256684379577637
-0,532952588399251
0,418158486684163
1,94877690633138
0,559526926676432
0,61565803527832
2,0356357828776
2,71721644083659
0,305496292114258
1,65618721008301
2,32115432739258
0,300494435628255
0,657254473368327
1,35352989196777
0,22715461730957
0,30037935256958
0,989418690999349
0,272743797302246
-0,0237806860605876
0,480846589406331
0,3106995900472
-0,0428168137868245
-0,000954845746358236
0,349890441894531
0,151619787216187
0,0332282503445943
1,90306040445964
1,6753867594401
1,87043553670247
-0,125626564025879
2,26862670898438
2,4649077351888
1,23329627990723
1,94698959350586
2,35345809936523
0,690052146911621
1,30855667114258
2,01876017252604
0,313348503112793
0,140465405782064
-1,86452158610026
-1,21671005249023
-0,899463634490967
-4,41454243977865
-2,17199073791504
-2,56327056884766
-1,55803558349609
0,344979120890299
-1,29202229817708
-2,22659317016602
-0,3076642481486
0,229674530029297
-1,97210378011068
-0,323575452168783
-0,0130385303497314
-1,5957411702474
2,06467305501302
2,58649749755859
-1,22125289916992
1,42377497355143
2,34754191080729
0,25230598449707
0,661920077006022
1,65728907267253
0,594895807902018
-2,92858551025391
-1,33837437947591
0,974441668192546
-1,96428207397461
-1,92069559733073
0,874995396931966
-1,31600084940592
-1,38285540262858
0,592479769388835
-1
-1
-1
-1
-1
1
-1
-1
-1
-1