0,00917087078094482
-0,0475858561197917
-0,0209753266970317
0,0144152029355367
-0,0571978505452474
-0,0170645626386007
0,0140722314516703
-0,0648310343424479
-0,0133581908543905
0,0037294864654541
-0,0448225728670756
-0,0237575316429138
-0,000313942929108938
-0,0246358633041382
-0,0383754905064901
0,000814535766839981
0,00324962377548218
-0,0521159410476685
0,00932692170143127
0,0675502268473307
-0,0751881472269694
0,0536028679211934
0,112072645823161
-0,091175537109375
0,159735447565715
0,0994124396642049
-0,0567142772674561
-0,0664732615152995
-0,0837493419647217
2,0154296875
-1,13607833862305
-0,15265606880188
3,21187693277995
-0,418866831461588
1,29736293474833
2,35414433797201
-0,376793950398763
1,70278045654297
1,37821802775065
-0,249570706685384
1,19299769083659
0,911859664916992
0,328735669453939
1,40959279378255
-1,59921030680339
0,406221593221029
1,18916910807292
-1,2854275004069
0,553620262145996
0,988339055379232
-0,772422866821289
0,425971031188965
0,704726867675781
-0,183843364715576
0,139477984110514
0,671249542236328
1,64271928787231
-0,932778396606445
-0,123577696482341
1,65233800252279
-0,819296468098958
-0,209537525177002
1,3881147257487
-0,368446489969889
-0,0279629007975261
-1,80413764953613
-0,379848480224609
1,51190444946289
-5,28772277832031
-3,16226989746094
-0,683450037638346
-1,83684443155924
1,69607615152995
-1,04303237915039
-0,0100999704996745
1,10402547200521
0,627603937784831
-1,71054987589518
-2,10705479939779
-0,90164187113444
0,0970241689682007
-1,32010124206543
-0,833539021809896
-0,0328852923711141
-0,578550847371419
-0,662393035888672
-0,217859834035238
1,2714640045166
3,61808339436849
-0,336886965433757
0,321471923192342
2,26751810709635
0,242943420410156
-1,67027390797933
1,04065320332845
-0,273702386220296
-1,98377593994141
0,507298596700033
-0,362887967427572
0
0
0
0
0
1
0
0
0
0
