-0,0881587870915731
-0,501671352386475
-0,277581357955933
0,0514291858673096
0,212473799387614
-0,133536497751872
0,105785385767619
0,302152156829834
-0,168120978673299
0,0719785531361898
0,325259323120117
-0,263181654612223
0,353479951222738
0,448469174702962
-0,468831532796224
0,414211304982503
0,465214360555013
-0,744576314290365
0,026264108022054
0,311528886159261
-0,920452067057292
0,0454172762235006
0,274202175140381
-0,867055358886719
0,0967037757237752
0,351653188069661
-0,766861292521159
1,41476886113485
1,14555596669515
1,08919026692708
0,147426172892253
0,506040534973145
3,57603851318359
-0,0712137349446614
-1,51536773681641
1,25961840311686
-0,179752740859985
-1,47033665974935
0,51707529703776
-0,152778272628784
-1,13227831522624
0,411454340616862
-0,137129163742065
-0,788925247192383
0,24070335706075
0,0264461676279704
-0,551978607177734
0,024541056950887
0,406544863382975
-0,31470760345459
0,11785062789917
-0,107079137166341
0,32572790145874
2,5029084777832
0,0967783006032308
0,60397939046224
0,916329498291016
0,173171993891398
0,297847703297933
0,775752487182617
-0,208627023696899
0,211728986104329
0,848037948608399
-0,301833915710449
0,308542702992757
0,734001998901367
0,933675409952799
1,31644777297974
-3,81073755900065
-3,08327641805013
-0,193289896647135
-2,93421641031901
-2,2851025390625
-1,27150400797526
-2,03396723429362
-0,58710693359375
-0,244470176696777
-2,00868718465169
-1,31101135253906
-0,696217943827311
-0,948846893310547
-1,2576158396403
-2,22769994099935
0,706760508219401
-0,556866607666016
-1,41783602396647
0,397525444030762
-0,16876488049825
-1,03337125142415
0,0694806385040283
0,244216849009196
0,0581586329142253
-0,191880985895793
0,522367630004883
1,62336186726888
-0,307117926279704
0,501005261739095
1,64087834676107
-0,150093542734782
-1
-1
-1
-1
-1
1
-1
-1
-1
-1