0,0558470265070597
-0,13361117998759
-0,108394511540731
0,0368092981974284
-0,102941535313924
-0,108937972386678
0,0528996976216634
-0,0837293767929077
-0,165193446477254
0,0788474003473918
-0,0622780990600586
-0,236181062062581
0,0438895479838053
-0,0933675161997477
-0,191683286031087
0,0648421478271484
-0,0911732991536458
-0,183569297790527
0,0271485408147176
-0,0548525683085124
-0,0911463499069214
-0,0278660078843435
-0,0244870630900065
0,0435305619239807
-0,110220940907796
-0,176715817451477
0,187156801223755
1,05413096110026
0,476682891845703
-2,97812755584717
-0,0995655314127604
1,35253300984701
-3,06508005777995
-0,441756273905436
1,15443016052246
-1,79203236897786
-0,318157316843669
1,64261728922526
-0,956680285135905
1,89526707967122
2,18925567626953
-0,020344918568929
2,30815269470215
0,0430671946207682
4,87655985514323
0,755760879516602
-0,00502700805664058
6,69522135416667
-1,06985493977865
-0,288763783772786
3,96688334147135
-0,626860173543294
0,646842753092448
1,41128178914388
-0,498418553670247
0,646597264607747
1,42047225952148
-0,374445635477702
0,578467966715495
1,19529777526855
-0,328214149475098
0,478887227376302
0,840266850789388
-0,301518516540527
0,598417892456055
0,44851370493571
-0,247248458862305
0,596212717692057
0,212119611104329
-0,195003509521484
0,458807601928711
0,14917797088623
-0,174940891265869
0,39715279897054
0,150602102279663
-0,122628154754639
0,385498275756836
0,0722784837086995
-0,0724336306254069
0,446226959228516
-0,038312946955363
-0,0597720305124919
0,469685223897298
-0,0650748189290365
-0,0382950576146444
0,321196060180664
-0,0310678593317668
0,000270007650057475
0,242306772867839
-0,068358055750529
-0,00464066455761592
0,253770351409912
-0,107058439254761
0,0130021552244822
0,222100582122803
-0,137234388987223
0,0232301092147827
0,135958824157715
-0,129873933792114
-1
1
-1
-1
-1
-1
-1
-1
-1
-1