0,00288621524969737
-0,0157281200091044
0,00679000079631805
0,00453099300463994
-0,00419401307900747
-0,010208021402359
0,00446118414402008
0,00670894026756287
-0,0221731066703796
0,018114869594574
-0,0206215445200602
-0,0345050303141276
0,0313458132743835
-0,0247192756334941
-0,049791038831075
0,0346110955874125
0,0492502379417419
-0,0722770420710246
0,0253121972084045
0,131458209355672
-0,0775133196512858
-0,00990408738454183
0,299705123901367
-0,0622828340530395
0,131176772117615
0,564729855855306
-0,357837874094645
0,256782302856445
1,06610931396484
-2,80652943929036
-0,335943603515625
1,38782928466797
-2,36796279907227
-0,351853917439779
1,47229721069336
-2,2019921875
-0,277736784617106
1,31780769348145
-1,6917507425944
-0,168234910964966
1,13138384501139
-1,244296875
2,56867414156596
-1,06196576436361
0,740918579101563
2,88421366373698
-2,1964604695638
6,49413777669271
0,0835301717122396
0,34388417561849
7,58816324869792
0,00686569213867183
0,718864212036133
4,0439985148112
0,476367848714193
0,31895128885905
2,68197667439779
-0,714730936686198
1,06039204915365
1,94187266031901
-0,53328369140625
0,680636393229167
1,36792897542318
-0,484021352132161
0,439723714192708
0,845593744913737
-0,444521344502767
0,332027969360352
0,442580960591634
-0,369653129577637
0,22038787206014
0,207466929753621
-0,303722330729167
0,215782775878906
0,0128013571103414
-0,215152327219645
0,155223553975423
-0,0344385576248169
-0,189658749898275
0,106191511154175
-0,0627424112955729
-0,157750816345215
0,0355381957689921
-0,075586535135905
-0,131075550715129
0,0099074774980545
-0,0626589250564575
-0,110257822672526
0,0207618244489034
-0,0490271059672038
-0,0963633314768473
0,00649849534034729
-0,0346224292119344
-0,0953698794047038
-0,00169893185297648
-0,0276517407099406
-0,0687416521708171
-0,0104988388220469
-0,0409513513247172
0
1
0
0
0
0
0
0
0
0
