0,00847124934196472
0,142066141764323
-0,0813617547353109
0,037830958366394
0,147562383015951
-0,0118748847643534
0,0820521068572998
0,20654182434082
-0,0178867169221242
0,113021408716838
0,306200256347656
-0,0456979576746623
0,112571576436361
0,443093121846517
-0,0791898187001546
0,0649938122431437
0,477826436360677
-0,0707462533315023
0,0575832557678223
0,286287495295207
0,0190005683898926
0,427268088658651
-1,55424846331278
-0,573713699976603
0,491986808776856
-2,02847615559896
-1,5495667775472
0,160936800638835
-1,28653467814128
-2,33639882405599
-0,00277980168660482
-0,530854301452637
-1,90273371378581
-0,0533818896611532
-0,476082585652669
-1,35080657958984
-0,0310436757405599
-0,251983172098796
-1,04502967834473
0,0197074842453003
0,0412223943074544
-0,83554328918457
0,0519861316680908
0,384530245463053
-0,53151860555013
0,37242431640625
0,903619944254557
2,80477284749349
0,805225524902344
0,488679631551107
4,1254736328125
1,96913020451864
0,0239961242675781
4,72692626953125
0,170008767445882
-0,951310272216797
3,43733698527018
0,0614349555969238
-1,58117513020833
2,17809387207031
0,0710292402903239
-0,936635131835938
1,71651972452799
0,0535193427403768
-0,7638720703125
1,3262866973877
-0,0382220649719238
-0,571475486755371
1,02948198954264
-0,08511314868927
-0,405710436503092
0,729337539672852
-0,0956387519836426
-0,220310408274333
0,479030596415202
-0,0810530710220337
-0,0472539718945821
0,310461254119873
-0,0533127101262411
-0,0281490270296733
0,237095858256022
-0,054474925994873
-0,0121302851041158
0,199763310750326
-0,0655814266204834
0,0827943388621012
0,153689527511597
-0,0662457704544067
0,0892689577738444
0,13590695699056
-0,0666583776473999
0,0382312297821045
0,11029575030009
-0,0571868721644084
-0,0245752692222595
0,0569612248738607
-0,057925435702006
-0,087243078549703
0,00685910701751709
0
1
0
0
0
0
0
0
0
0
