0,111144289970398
-0,178282222747803
0,0458110745747884
0,0038487712542216
-0,209354642232259
0,066242945988973
-0,0166712510585785
-0,178315188090007
0,0405159362157186
-0,0248517990112305
-0,174830811818441
-0,0285920079549154
0,0108209872245789
-0,219821834564209
-0,0738296143213908
0,0473847754796346
-0,214032643636068
-0,100192489624023
0,0604076337814331
-0,110959515571594
-0,130953200658162
0,0828927024205526
0,00362722237904867
-0,208881759643555
0,193747749328613
-0,0249441576004028
-0,438442306518555
0,814190947214762
-0,582763296763102
-2,24442105611165
0,0406116358439128
0,11292470296224
-2,08616668701172
-0,111330416997274
0,0948657035827637
-1,49444025675456
-0,0899111715952555
-0,0648803758621216
-1,02964401245117
-0,0652485720316569
-0,0511576668421427
-0,750995025634766
-0,0215124583244324
0,14759939511617
-0,592766393025716
0,144059918721517
0,290809129079183
-0,358816897074381
1,15804138183594
1,2139794921875
3,61699717203776
1,78345977783203
0,610425415039063
4,01035980224609
-0,985675964355469
1,36105819702148
2,97211949666341
-0,550882835388184
1,62735783894857
1,67249313354492
-0,35086088180542
1,50216827392578
1,32025273640951
-0,194812132517497
1,14286376953125
1,14466888427734
-0,192295684814453
0,864759140014648
0,906123733520508
-0,16911813100179
0,720277735392253
0,634875857035319
-0,141548776626587
0,629879315694173
0,452375119527181
-0,0872346830368042
0,539534721374512
0,36165579477946
-0,0715113751093547
0,312458089192708
0,365792961120605
-0,0710071484247843
0,18981694539388
0,316736316680908
-0,0706516218185425
0,134718214670817
0,252857227325439
-0,0498396555582682
0,0229497830073039
0,177944787343343
-0,043332732518514
-0,108020865122477
0,128622585932414
-0,0473003641764323
-0,199323259989421
0,0975929514567057
-0,0392908279101054
-0,205234317779541
0,0520460955301921
-1
1
-1
-1
-1
-1
-1
-1
-1
-1