-0,153769286473592
-0,0183882824579875
-0,256747239430745
-0,144828532536825
0,0767549999554952
-0,23191686630249
-0,152418673833211
0,143331302007039
-0,200460313161214
-0,149954382578532
0,125321175257365
-0,0911476469039917
-0,130359363555908
0,0319864201545715
0,00298107147216797
-0,166954809824626
-0,160871699651082
0,0479444527626038
-0,162493635813395
-0,477799987792969
0,097317419052124
-0,0563983837763468
-0,487072245279948
-0,00832929452260335
0,00139703989028931
-0,572404823303223
-0,153359972635905
0,149928169250488
-0,370586077372233
-2,0855189259847
-0,243951632181803
0,284513479868571
-5,03801595052083
-0,131687672932943
2,53504659016927
-3,17482050577799
-0,426992874145508
1,38049474080404
-1,91778467814128
-0,247734292348226
1,06744364420573
-1,34791854858398
-0,225966892242432
0,936499481201172
-0,81588742574056
1,22851294517517
0,324172871907552
2,22644537607829
2,097685546875
-0,751473337809245
5,01307017008464
0,431885681152344
-1,04395355224609
4,79871073404948
0,481096903483073
1,00243220011393
3,02562342325846
0,308533554077148
-0,689526519775391
2,2469374593099
-0,266577262878418
-1,21178588867188
1,43588587443034
-0,204664402008057
-1,0389833577474
1,14546930948893
-0,177113984425863
-0,73167226155599
0,89658317565918
-0,161150649388631
-0,613780759175618
0,712787297566732
-0,137994864781698
-0,476842625935872
0,515820693969727
-0,127182006835938
-0,376332715352376
0,368924115498861
-0,0975400575002034
-0,38388916015625
0,292401091257731
-0,0823640569051107
-0,347310969034831
0,243026847839355
-0,0736716969807943
-0,280932623545329
0,191078236897786
-0,056925417582194
-0,184515088399251
0,117008949915568
-0,0419067541758219
-0,102839422225952
0,0667068147659302
-0,0306916912396749
-0,0658382717768351
0,031347599029541
-0,0213799492518107
-0,0464529736836751
0,00538468937079112
0
1
0
0
0
0
0
0
0
0
