0,00705377817153931
-0,19184637705485
0,0151665353775024
-0,0157291954755783
-0,208933537801107
0,0100318207343419
-0,0114191818237305
-0,227065321604411
-0,0319432620207469
0,0391300022602081
-0,187548262278239
-0,184456437428792
0,0627714268366496
-0,0544585196177165
-0,34290667851766
0,0434799639383952
0,100151484807332
-0,40682991027832
0,0569050375620524
0,0907656971613566
-0,377965914408366
0,0578495462735494
0,0904529078801473
-0,360016924540202
-0,047383291721344
0,0255705102284749
-0,232810236612956
0,669868348439535
-2,57645817438761
-0,202751242319743
1,55910125732422
-2,84470967610677
-2,91800434112549
-0,792247645060221
0,887833989461263
-3,05302968343099
-0,568295873006185
1,4736398824056
-1,83324249267578
-0,317640183766683
1,36292439778646
-1,43497217814128
-0,180646572113037
1,44270589192708
-0,958533045450846
1,20849329630534
-0,0529841613769531
4,01433125813802
1,93173400878906
-1,10580698649089
5,78084716796875
-0,802044067382813
-1,40864000956217
2,77682266235352
1,14977577209473
-1,04816970825195
2,30312795003255
0,76643300374349
-0,935351587931315
2,04788609822591
0,570594851175944
-1,02031514485677
1,59263010660807
0,387861162821452
-1,05885098775228
1,20545463562012
0,247828922271729
-0,726933212280274
0,794187850952148
0,183234367370605
-0,455474319458008
0,474266039530436
0,146220766703288
-0,341439425150553
0,309316190083822
0,117395979563395
-0,335617586771647
0,267685451507568
0,0894139607747396
-0,359750696818034
0,241398315429688
0,0812468369801839
-0,276401837666829
0,132454566955566
0,0625121434529622
-0,137425470352173
0,0175247923533122
0,0497792689005534
-0,0732438278198242
-0,0247835413614909
0,0377917949358622
-0,0725960508982341
-0,00854300538698832
0,0317838939030965
-0,101048231124878
0,0132951108614604
0,0317208091417948
-0,110981489817301
0,0149868961175283
0
1
0
0
0
0
0
0
0
0
