0,0514367198944092
0,678820012410482
0,0117525160312653
0,0683055146535238
0,57175708770752
-0,0302955420811971
0,0896247148513794
0,488944142659505
-0,0480753151575724
0,0976648012797038
0,464180692036947
-0,0364559698104858
0,120456762313843
0,416781272888184
-0,0584875837961833
0,122886511484782
0,29796459197998
-0,0443280871709188
0,0843292633692423
0,105954721768697
0,0580752428372701
0,0287953416506449
-0,0216869258880615
0,104913314183553
0,0070674737294515
-0,345428511301676
0,0867375946044922
0,123891582489014
-1,01327087402344
-1,50895371119181
-0,303023128509521
0,102191416422526
-2,27938944498698
-0,972408142089844
1,04011049906413
-1,16643539428711
-0,663834063212077
0,900192464192708
-0,916379725138346
-0,449537111918132
1,11699854532878
-0,723348922729492
1,41419176101685
0,6745361328125
1,01488021850586
1,01833435058594
-0,181593551635742
6,2564414469401
-2,28015177408854
0,974460144042969
3,87951995849609
-0,422994990348816
0,943312199910482
2,99258422851563
-0,0079069979985555
0,281509831746419
2,08322611490885
-0,0358585786819458
0,239207159678141
1,75753555297852
-0,0708089892069499
0,0677528619766235
1,30120025634766
-0,123449713389079
0,0259642895062764
0,938790639241537
-0,131771205266317
0,0312068112691243
0,668436698913574
-0,124645519256592
0,0387021406491598
0,482840118408203
-0,107038040161133
0,0174865233898163
0,321173566182454
-0,10230583190918
0,00152892495195071
0,191644064585368
-0,102881158192952
-0,0229356225331624
0,131974353790283
-0,0821276919047038
-0,0661002270380656
0,0861834716796875
-0,0846030966440837
-0,0500510772069295
0,0586037921905518
-0,0825376383463542
-0,0356826607386271
0,032878204981486
-0,0765327294667562
-0,113952051798503
0,0181440889835358
-0,0655378770828247
-0,137266143163045
-0,00941869179407756
-0,0662929582595825
-0,15299960454305
-0,0109484008948008
-1
1
-1
-1
-1
-1
-1
-1
-1
-1