-0,180711599985758
-0,189026222229004
0,21078893661499
-0,0712964598337809
-0,131521155039469
0,119846935272217
-0,0640747817357381
-0,0585432990392049
0,124339046478271
0,0052364714940389
-0,0265902805328369
0,146227299372355
0,00925938606262207
0,0234879493713379
0,126526165008545
-0,0112117664019267
0,128033345540365
0,171883471806844
0,0193256286780039
0,344843610127767
0,170012543996175
0,0214893007278442
0,660108083089193
0,083265806833903
-0,0267828826109568
0,797696812947591
0,00410348018010457
0,311514520645142
0,165828692118327
-2,70951663970947
0,212075576782227
1,39147961934408
-4,6726357014974
-0,327985979715983
1,38931002298991
-1,96801457722982
-0,0680584144592285
1,19825172424316
-1,46097401936849
4,02130900065104
-2,38327784220378
2,51871617635091
0,165887222290039
-0,952457021077474
7,34095825195313
-0,403443133036296
-0,382612101236979
5,16514241536458
-0,326193911234538
-0,664766629536947
2,15708791097005
-0,561776123046875
1,15584359486898
1,51253601074219
-0,684162928263346
1,52229807535807
0,925318044026693
-0,586373303731282
1,1851486714681
0,700487937927246
-0,45492135365804
0,885080947875977
0,508235715230306
-0,366073735555013
0,539181722005208
0,402046330769857
-0,287915445963542
0,297613042195638
0,275078659057617
-0,233311812082926
0,167516142527262
0,149325462977091
-0,193114725748698
0,0947767607371012
0,0911152172088623
-0,144739596048991
0,0670015621185303
0,0826863368352254
-0,0880568981170654
0,0832635180155436
0,0514914433161418
-0,0805013608932495
0,0810112285614014
0,0303272596995036
-0,0619509681065877
0,0913871892293294
0,0019622004032135
-0,056209602355957
0,0358677728970846
0,0320359170436859
-0,0539835611979167
0,00373675505320231
0,0472977256774902
-0,0537476682662964
0,0694155057271322
0,0209440835316976
-0,052283509572347
0,0521530485153198
-0,00874718089898427
0
1
0
0
0
0
0
0
0
0
