0,698965581258138
0,603327077229818
-0,681294555664063
0,59768009185791
0,591271883646647
-0,600829048156738
0,530911712646484
0,566271540323893
-0,561882731119792
0,465439427693685
0,510836652119954
-0,506168746948242
0,401250038146973
0,474605865478516
-0,428746388753255
0,452783559163411
0,614898694356283
-0,418652852376302
0,636607716878255
0,729410552978516
-0,50254581451416
0,351954752604167
0,557554601033529
-0,448669052124023
0,165119606653849
0,462105585734049
-0,386375401814779
0,157102079391479
0,49681713104248
-1,72708124796549
0,22773822148641
0,583042411804199
-2,49793848673503
0,00295000712076822
0,769017893473307
-2,52052734375
-0,216816323598226
0,691881841023763
-1,85468775431315
-0,120966097513835
0,659286397298177
-1,33118738810221
0,128069885571798
0,834385833740234
-0,828536656697591
4,08721455891927
0,301255823771159
2,47916727701823
2,57940083821615
-1,64930210113525
5,74694661458333
2,29861272176107
-1,90056685129801
5,53076334635417
0,376963958740234
0,51340035756429
2,79569203694661
0,532671190897624
0,537610905965169
1,25321662902832
0,37898743947347
0,556375503540039
1,04295911153158
0,26616268157959
0,532250264485677
0,701273854573568
0,156776965459188
0,38857172648112
0,415369491577148
0,0768314441045125
0,246431922912598
0,217337900797526
0,0265532477696737
0,172922407786051
0,108467664718628
0,017583882411321
0,110904388427734
0,0433850065867106
0,0137103947003682
0,0276455465952555
-1,48288408915199E-05
0,0258192324638367
-0,0176213969786962
-0,0288670587539673
0,0256946206092834
-0,0529037110010783
-0,0369127591451009
-0,00376817464828491
-0,0825392405192057
-0,0282583602269491
-0,00563104371229808
-0,0983267815907796
-0,0414654461542765
-0,00895956953366597
-0,0979671001434326
-0,0264003809293111
-0,00484518965085347
-0,0881404606501261
-0,011820748647054
0
1
0
0
0
0
0
0
0
0
