0,123968979517619
1,00605288187663
-0,347821655273437
0,154871660868327
1,03495267232259
-0,294482186635335
0,0160203909873962
0,982983729044596
-0,22909460067749
-0,0328481761614482
0,87126953125
-0,115875587463379
-0,0418383955955505
0,726841583251953
-0,0963092517852783
-0,0568245649337769
0,410472119649251
-0,10888370513916
-0,0709587240219116
0,114073753356934
-0,106024866104126
-0,0279554414749146
-0,217838563919067
-0,138668222427368
0,156002114613851
-0,431825358072917
-0,47948974609375
0,300783538818359
-0,282246011098226
-2,32202611287435
0,251068623860677
0,286322434743245
-2,32809483846029
0,157225799560547
0,199945697784424
-1,68660161336263
0,134498325983683
-0,0130954869588216
-1,39039154052734
0,108056290944417
-0,0832041867574056
-1,04407376607259
0,071041161219279
-0,0719116608301798
-0,754257532755534
0,0698624086380005
0,0488311922550201
-0,615835838317871
0,11404332002004
0,255425987243652
-0,427132670084635
0,627322692871094
-0,310585912068685
3,01069386164347
-0,561961466471354
-0,635012613932292
4,24585255940755
0,430908546447754
0,0250136311848958
2,97269989013672
0,67780876159668
0,279007682800293
2,21058990478516
0,512278620402018
0,332576338450114
1,93188385009766
0,354575481414795
0,346113573710124
1,55339340209961
0,2393732325236
0,236023337046305
1,19952776590983
0,128778498967489
0,239645169576009
0,86879992167155
0,0638293202718099
0,216954256693522
0,606248664855957
0,0201460333665212
0,151251112620036
0,447042973836263
0,0119565761089325
0,144258448282878
0,330643704732259
0,00338801036278407
0,154978227615356
0,251244252522786
-0,00627618253231049
0,163510487874349
0,178462066650391
-0,0193003376324972
0,099559637705485
0,119282598495483
-0,030530780951182
0,0367687034606934
0,070906597773234
-0,0407564719518026
0,0332758251825968
0,0472704950968424
0
1
0
0
0
0
0
0
0
0
