-0,0118474304676056
0,116499268213908
-0,0857719580332438
-0,0144242763519287
0,0503348390261332
-0,0537069257100423
-0,0131609282890956
-0,0588067348798116
-0,0394641947746277
-0,00197952459255854
-0,145876092910767
-0,0353258577982585
0,00818973243236542
-0,0632305018107096
-0,0510368100802104
0,0136674312750498
0,0304115343093872
-0,10293667157491
0,0153957577546438
0,0516801540056865
-0,131462920506795
0,0150674653053284
0,10131191889445
-0,145500008265177
0,107574601173401
-0,110903112093608
-0,145467414855957
0,635660247802734
-1,01585105895996
-1,91086957295736
0,233135884602865
-1,0149666595459
-2,69985644022624
-0,0850481700897217
-0,409394938151042
-1,14007713317871
-0,0150259121259054
-0,398492813110352
-1,09635528564453
-0,0146506492296855
-0,283010629018148
-0,796931686401367
-0,00951718966166178
-0,133510403633118
-0,571626103719076
0,0155152541399002
0,0870757134755453
-0,468123982747396
0,0565472873051961
0,334488805135091
-0,379592774709066
0,416004463831584
0,516664136250814
0,623447411855062
0,897351837158203
-0,0946240615844727
4,17018310546875
1,56972274780273
0,785133959452311
3,66194905598958
1,02508749643962
-0,0528608703613281
3,93204447428385
-0,226592953999837
-0,344472160339355
2,03169840494792
-0,345899594624837
-0,267409470876058
1,07895454406738
-0,287913303375244
-0,189572620391846
0,79774284362793
-0,259255250295003
-0,149605909983317
0,579780146280925
-0,221047922770182
-0,0499850002924601
0,419616584777832
-0,171202065149943
-0,0365355865160624
0,330476722717285
-0,126332133611043
-0,0782894420623779
0,249291273752848
-0,101481959025065
-0,129826335906982
0,192869383494059
-0,0784984763463338
-0,166830266316732
0,146881993611654
-0,0646616411209106
-0,129241450627645
0,10366447130839
-0,0482018756866455
-0,119460945129395
0,0814400196075439
-0,0271129163106283
-0,124566996892293
0,047532738049825
-1
1
-1
-1
-1
-1
-1
-1
-1
-1