-0,586915969848633
0,122744846343994
-0,116629473368327
-0,465302365620931
0,173748512268066
-0,0952736028035482
-0,349359982808431
0,269775994618734
-0,118225603103638
-0,235943616231283
0,344813995361328
-0,0908125686645508
-0,0946886475880941
0,348036321004232
-0,0907977326711019
-0,163729502360026
0,390170338948568
-0,0898871676127116
-0,123335739771525
0,305442593892415
-0,0825735759735107
-0,112034142812093
0,395238628387451
-0,179891471862793
-0,0814369455973307
0,44345890045166
-0,271344000498454
0,573512760798136
-0,127063477834066
-2,40443852742513
0,429797439575195
0,0686242167154948
-3,58522796630859
0,218522466023763
0,741655883789063
-2,09851399739583
0,233345794677734
0,628814506530762
-1,66575866699219
0,236365502675374
0,663700434366862
-1,28967887878418
0,263610089619954
0,736720708211263
-1,01695714314779
2,01777039845785
-0,0695573933919271
2,48719057718913
2,20775360107422
-0,709311993916829
5,09184661865234
0,93123036702474
-0,144619789123535
4,05249420166016
1,43417297363281
0,414648742675781
3,32121246337891
1,34737319946289
0,160175291697184
2,37480550130208
1,07762766520182
0,114752435684204
1,8934028116862
0,801001637776693
-0,000389119784037272
1,46475001017253
0,552441444396973
-0,0767474206288656
1,08650596618652
0,374868990580241
-0,108112421035767
0,795793482462565
0,250882841746012
-0,157590065002441
0,595595932006836
0,157271099090576
-0,151787433624268
0,435103823343913
0,0876331313451131
-0,148911657333374
0,322237771352132
0,0484099674224854
-0,213730773925781
0,253003406524658
0,035699421564738
-0,195889158248901
0,178712189992269
0,022452019850413
-0,0944342931111654
0,130253480275472
0,0238784249623617
-0,0870559247334798
0,09879714012146
0,0134479920069377
-0,113975687026978
0,09173446337382
0,00970383842786153
-0,145404065450033
0,0709953467051188
-1
1
-1
-1
-1
-1
-1
-1
-1
-1