0,206217346191406
-0,19138329188029
-1,10978940327962
0,110770624478658
-0,121671727498372
-1,11119906107585
0,0613866821924845
0,0415315246582031
-0,985539957682292
0,0305256323019663
0,129808807373047
-0,832448170979818
0,0150194561481476
0,125063877105713
-0,584975738525391
0,0123243856430054
0,129376939137777
-0,424925422668457
0,0129446991284688
0,211348082224528
-0,330381463368734
0,0224640425046285
0,384561290740967
-0,300646419525146
0,0647242101033529
0,542555592854818
-0,191557493209839
0,730094706217448
0,429529202779134
1,2826446501414
1,12326937357585
0,396825243631999
1,87776357014974
1,23721232096354
0,635320663452148
2,60118957519531
1,70965886433919
0,654039586385091
2,83687520345052
1,74919306437174
0,663579711914063
2,09432800292969
1,39807729085286
0,736762924194336
1,94771911621094
1,13110483805339
0,736762924194336
1,66058415730794
0,982420196533203
0,671181996663412
1,57095596313477
0,716061579386393
0,519611180623372
1,32674908955892
0,507794939676921
0,455787506103516
0,994189249674479
0,358990421295166
0,396768239339193
0,742985992431641
0,253933823903402
0,290798848470052
0,551682192484538
0,1745867284139
0,17642567952474
0,401976102193197
0,107195816040039
0,0944157759348551
0,300351829528809
0,0648963753382365
0,0201336844762166
0,224576689402262
0,0394163298606873
-0,0915446313222249
0,171540142695109
0,0139892945686976
-0,171130275726318
0,118181718190511
-0,00769347131252289
-0,147523330052694
0,0592465543746948
-0,0173010079065959
-0,136299486160278
0,028647346496582
-0,0223398033777873
-0,155131371815999
0,0580603591601054
-0,020540988445282
-0,195690752665202
0,0787565501530965
-0,0313186144828796
-0,0998667589823405
0,0615966510772705
-0,0233785633246104
-0,0223439073562622
0,0257788554827372
-0,0156934690475464
0,0230088448524475
0,0108341550827026
-1
1
-1
-1
-1
-1
-1
-1
-1
-1