-0,0772749805450439
0,0419249153137207
-0,177305736541748
-0,0209104839960734
0,0372664936383565
-0,167473640441895
-0,0926192696889242
-0,0631372618675232
-0,102973287900289
-0,105844815572103
-0,199457670847575
-0,0440617243448893
-0,0887570476531983
-0,160545206069946
-0,121109053293864
-0,0827332210540772
0,0989356708526611
-0,258591893513997
-0,077923854192098
0,215614967346191
-0,279682661692301
-0,0830621178944906
0,103101533253988
-0,212348028818766
-0,0927475102742513
0,101573565800985
-0,163601341247559
0,499937143325806
-0,868616730372111
-1,40489845275879
1,19548922220866
-1,00979329427083
-2,28908055623372
0,858075637817383
-0,664478899637858
-2,02629618326823
0,605694618225098
-0,316565100351969
-1,83163553873698
0,41801389058431
-0,260334720611572
-1,23941668192546
0,330132592519124
-0,139631872177124
-1,06493662516276
0,219994036356608
0,0155567042032878
-0,894756189982096
0,138456904093424
0,174580837885539
-0,693314348856608
0,117893908818563
0,308092130025228
-0,547100944519043
0,11789670308431
0,500903956095378
-0,472760569254557
0,187998367945353
0,755228373209635
-0,421310399373372
0,566982466379801
0,923709894816081
1,82994721094767
1,28763758341471
1,29983159383138
3,69530609130859
2,11751698811849
1,3278173828125
3,59718760172526
0,818414611816406
0,227891737620036
2,27141896565755
-0,475604146321615
0,0498761558532715
2,28790242513021
-0,400696741739909
0,24680685043335
1,78501429239909
-0,302548987070719
0,217563756306966
1,34534400939941
-0,234377377827962
0,20698964436849
0,98864262898763
-0,182358824412028
0,200974527994792
0,735161692301432
-0,131427526473999
0,127887926101685
0,546697642008463
-0,120309038162231
0,0114244683583577
0,434204470316569
-0,102624867757161
-0,0393611860275269
0,319771741231283
-0,0879899915059408
-0,0658928887049357
0,220569648742676
-1
1
-1
-1
-1
-1
-1
-1
-1
-1