-0,236519190470378
0,505990765889486
0,0461645873387655
-0,231593538920085
0,424769147237142
0,104324407577515
-0,195612519582113
0,44581303914388
0,106337792078654
-0,149481735229492
0,578731854756673
0,0687709108988444
-0,113266560236613
0,603452911376953
-0,0086616333325704
-0,102201115290324
0,460486475626628
-0,0451676654815674
-0,0944519678751628
0,271824836730957
-0,0757118082046509
-0,0986395136515299
0,156060094833374
-0,0830874681472778
-0,0374170366923014
-0,236086775461833
-0,0810899384816488
0,227495307922363
-0,411004079182943
-1,48125210444133
0,09625
0,494228363037109
-1,58457061767578
0,200495241880417
0,571129455566406
-1,57349945068359
0,0218888290723165
0,721247965494792
-1,56873082478841
0,0213773481051127
0,474857292175293
-1,22870127360026
0,0226770488421122
0,259022833506266
-0,894243672688802
0,030489141146342
0,226083087921143
-0,6665540822347
0,0728106721242269
0,310281105041504
-0,52487377166748
0,10367564201355
0,420316365559896
-0,345869636535645
0,150204547246297
0,562378590901693
0,0456362501780192
0,788593654632568
0,576156285603841
1,67867893218994
1,1756063079834
0,376404940287272
2,29742838541667
1,16547259012858
-0,30277722676595
2,6864003499349
1,12196489969889
-1,1290153503418
2,82339823404948
0,42378355662028
-0,352819760640462
1,59820658365885
0,361715799967448
-0,134710375467936
1,47008982340495
0,285948937733968
-0,00852531592051188
1,20620152791341
0,190337607065837
0,0882161076863607
0,868644816080729
0,1439484055837
0,0591965921719869
0,667277247111003
0,114049218495687
-0,0176221442222595
0,513466351826986
0,0750441741943359
-0,0708921686808268
0,372797813415527
0,0494961595535278
-0,090997888247172
0,25964687983195
0,0252562403678894
-0,143018506368001
0,198388837178548
0,00117096602916717
-0,168347333272298
0,14893505414327
-1
1
-1
-1
-1
-1
-1
-1
-1
-1