-0,0288271641731262
-0,0110654187202454
-0,0280410774548849
-0,0282768805821737
0,0387247959772746
-0,0580696566899618
-0,033641463915507
0,056177461942037
-0,0870844491322835
-0,0517098347345988
0,0430058940251668
-0,0954899819691976
-0,0615557305018107
0,0311560877164205
-0,0958612410227458
-0,0422765477498372
-0,0141782172520955
-0,0869461647669474
-0,0110646041234334
-0,0808559878667196
-0,0622802702585856
0,000206435720125834
-0,0167299433549245
-0,0537385018666585
-0,0240819493929545
-0,0354428470134735
0,0394133838017782
0,375694406827291
-2,6345078531901
-0,409187841415405
1,71157424926758
-1,09449991861979
-2,65932708740234
0,53684565226237
-0,440126546223958
-2,44151351928711
-0,0341805195808411
-0,747440694173177
-0,938048222859701
0,0304329093297323
-0,376753953297933
-0,693442967732747
0,158479963938395
0,297598234812419
-0,631116994222005
1,67174011230469
0,330728581746419
1,73534669240316
3,38725056966146
0,124241689046224
4,64881998697917
0,610480499267578
0,924032694498698
3,83235514322917
0,599510510762533
1,49535085042318
2,2178525797526
0,502897567749023
1,27689341227214
1,66666030883789
0,32460439046224
0,961547826131185
1,27962125142415
0,209333877563477
0,764587122599284
0,898520584106445
0,133877102533976
0,535289446512858
0,638092346191406
0,0795701583226522
0,250689935684204
0,480400784810384
0,0313406030337016
0,0312704602877299
0,346125500996908
0,00382667382558187
-0,00670779337485631
0,198460502624512
-0,0170959802468618
-0,0221815554300944
0,111646871566772
-0,0317303371429443
0,00264848748842875
0,056595770517985
-0,0243107732137044
0,0174246414502462
0,0242309999465942
-0,0250999331474304
0,0154789646466573
0,03113285779953
-0,0170041028658549
-0,029474763472875
0,020211763381958
-0,0236817785104116
-0,0943240467707316
0,021755553483963
-0,0235582876205444
-0,00785228689511617
0,0339596366882324
0
1
0
0
0
0
0
0
0
0
