-0,298217258453369
0,108410396575928
-0,266235841115316
-0,218928629557292
-0,0168196566899618
-0,291689472198486
-0,245920429229736
-0,0768623606363932
-0,328578669230143
-0,142500457763672
0,104704572359721
-0,321239484151204
0,0863320541381836
0,238490289052327
-0,369958775838216
0,00217647949854533
0,276692975362142
-0,364515342712402
0,0509747966130575
0,010026315053304
-0,288105971018473
0,0392998846371969
0,0968071858088175
-0,425176798502604
-0,0732123001416524
0,219729814529419
-0,427309112548828
1,57179098447164
-0,074060978492101
-3,13937969207764
-1,03521514892578
-0,246455230712891
-4,36883616129557
-0,157512162526449
0,261539891560872
-1,00984090169271
-0,00324949105580648
0,337358614603678
-0,715120646158854
0,639864457448324
1,69582221984863
0,299727681477865
0,725744425455729
-0,366918131510417
4,17291076660156
1,26069829305013
-0,0775756581624349
4,87486511230469
-1,48147491455078
0,196174850463867
3,30808568318685
0,249388376871745
0,944428787231445
1,18162839253743
0,143384443918864
0,821999537150065
0,952505467732747
0,0571201777458191
0,64285706837972
0,718539810180664
0,00122164875268936
0,443445727030436
0,517978871663412
-0,0106896265347799
0,30909361521403
0,323342221577962
-0,0222449858983358
0,142204049428304
0,232031059265137
-0,0185468363761902
0,106469643910726
0,141949189503988
-0,0236645714441935
0,139609092076619
0,0827853345870972
-0,0204848464330037
0,206055463155111
0,0254057176907857
-0,0235151759783427
0,213686904907227
-0,00890089750289917
-0,0176969623565674
0,223092371622721
-0,0212266623973846
-0,0136891086896261
0,26264092763265
-0,0190191618601481
-0,00849561015764872
0,169155006408691
0,0101666869719823
-0,0172937162717183
0,128064400355021
0,0333045196533203
-0,0191364951928457
0,0956498368581136
0,0388885736465454
-0,019884045124054
0,158180967966715
0,032381739616394
-1
1
-1
-1
-1
-1
-1
-1
-1
-1