0,147895650863647
-0,827949981689453
-0,200628852844238
0,0647557131449382
-0,708230005900065
-0,216872647603353
0,0833635838826497
-0,384145278930664
-0,352240060170492
0,0243731602032979
-0,195044562021891
-0,436804021199544
-0,00549122134844462
-0,307050215403239
-0,354619204203288
0,0465606784820557
-0,450733362833659
-0,265810540517171
0,0454919083913167
-0,543730824788412
-0,237408415476481
0,0630462392171224
-0,509041697184245
-0,350181541442871
0,0578757079442342
-0,539425137837728
-0,549777984619141
1,25680941581726
-1,51245630900065
-2,68431803385417
0,311561991373698
-0,020321044921875
-4,20716827392578
-0,316421375274658
-1,04084828694661
-2,45820200602214
0,130334157943726
-0,0416754023234049
-2,11074239095052
0,0459580739339193
-0,208477967580159
-1,67290562947591
0,0812435611089071
-0,01398299853007
-1,17953402201335
0,194226806958516
0,337697461446126
-0,614439900716146
1,98485005696615
-1,54659331003825
4,87283854166667
0,917119750976563
-1,93851811726888
6,02967569986979
-0,333523254394531
-0,418536275227865
5,12452290852865
-0,71997075398763
1,07954322814941
2,9305625406901
-0,540088678995768
1,22261309305827
1,50447224934896
-0,405685043334961
1,10106163024902
1,1723445892334
-0,368882090250651
0,997422256469727
0,872916463216146
-0,297329629262288
0,834502258300781
0,623890889485677
-0,237604134877523
0,530415267944336
0,447421035766602
-0,205004870096842
0,377374407450358
0,287481168111165
-0,166343326568604
0,246497395833333
0,187126064300537
-0,163416830698649
0,0243386729558309
0,14462615331014
-0,123118279774984
-0,058229824701945
0,125554755528768
-0,101660931905111
-0,0581729014714559
0,110981690088908
-0,0781414477030436
-0,0743942928314209
0,0814486344655355
-0,0684586604436239
-0,0873858038584391
0,0412483421961466
-0,0354104407628377
-0,121458206176758
0,00676524996757507
-1
1
-1
-1
-1
-1
-1
-1
-1
-1