-0,16944829305013
0,230249570210775
-0,417257118225098
-0,0839535331726074
0,307735888163249
-0,329376894632975
-0,0845548343658447
0,382243194580078
-0,290393886566162
0,0202894767125448
0,358933080037435
-0,240645408630371
0,0494440730412801
0,233667984008789
-0,213871885935465
0,0294897270202637
0,099475466410319
-0,137642809549967
0,102815440495809
0,128765722910563
-0,197053413391113
0,14801370938619
0,210798346201579
-0,215803044637044
0,181701081593831
0,193461087544759
-0,288601970672607
0,810793825785319
-1,10312129974365
-1,92892598470052
0,330625127156575
-0,906259206136068
-3,46046508789063
-0,351304117838542
0,555772844950358
-2,00075790405273
-0,305255273183187
0,532186546325684
-1,22791341145833
-0,244805183410645
0,413004404703776
-0,801347223917643
-0,131882769266764
0,298128490447998
-0,498180885314941
-0,0523581631978353
0,443316637674967
-0,360867411295573
0,660497868855794
-0,057593256632487
2,14046457926432
1,13455556233724
-1,20993194580078
5,48264495849609
0,59102165222168
-2,62516621907552
5,12560394287109
0,100460319519043
-2,0712944539388
1,78113316853841
0,132574453353882
-0,26684752146403
0,998546193440755
0,0684826691945394
-0,179730132420858
0,823839569091797
0,0149186579386393
0,00682340621948242
0,500533625284831
-0,0341022157669067
0,198151550292969
0,184975884755452
-0,0683592669169108
0,213770624796549
0,0398453330993652
-0,0780527337392171
0,0538371165593465
0,0290266744295756
-0,0715494632720947
-0,0846037880579631
0,00999278704325358
-0,0822168509165446
-0,165019083023071
-0,0214329679807027
-0,0833951059977214
-0,201294606526693
-0,0404002571105957
-0,0692212613423665
-0,189311358133952
-0,0367043002446492
-0,0550424591700236
-0,173721122741699
-0,0384261560440063
-0,0501216729482015
-0,121129973729452
-0,0556288592020671
-0,0409033894538879
-0,0921051788330078
-0,0718229214350383
0
1
0
0
0
0
0
0
0
0
