0,00351869503657023
0,00362560907999675
-0,0205324268341064
-0,00901214996973673
-0,0190233719348907
0,011367082397143
-0,00513571957747142
-0,0147355624039968
0,000566394627094269
-0,00704166690508524
0,0165281573931376
-0,0119902368386587
-0,00115364434818427
0,0313068358103434
-0,0158555773893992
-0,0145490794380506
0,0292510692278544
-0,00398157974084218
-0,0406802344322205
0,0238959765434265
0,000953490336736043
-0,0725729703903198
-0,1140993475914
0,0277102647225062
-0,151120223999023
-0,568776982625326
0,10689702351888
-0,128431005477905
-0,0736846160888672
-2,48537421544393
0,0557246017456055
0,407002951304118
-2,49138549804688
-0,00452592293421427
-0,00421891212463379
-1,29108927408854
0,0492474794387817
0,151342748006185
-1,30137423197428
0,0512642113367716
0,284707609812419
-0,994704793294271
0,566826955477397
1,26143020629883
-0,310212885538737
3,24623128255208
2,11642364501953
3,87254959106445
2,22111938476563
0,735607757568359
7,92109334309896
-2,15843317667643
-0,105031280517578
4,61192525227865
0,836512298583984
2,08727813720703
1,98540161132812
0,894031575520833
1,41618128458659
2,00812433878581
0,591503270467122
1,28715868631999
1,61924290974935
0,446341501871745
0,963220596313477
1,22618863423665
0,31205233891805
0,71986696879069
0,938311920166016
0,180122191111247
0,451578229268392
0,722334772745768
0,124589487711589
0,240719496409098
0,503176854451497
0,0479855219523112
0,125983893076579
0,348098831176758
0,0147100253899892
0,135973307291667
0,205102780659993
-0,0234568913777669
0,13449057896932
0,121476793289185
-0,0371081034342448
0,113835700352987
0,096827875773112
-0,0412061850229899
0,0245516419410706
0,105108976364136
-0,0152265278498332
-0,0463161500295003
0,0583514388402303
-0,03821586449941
-0,00964376290639242
0,0133509071667989
-0,049771785736084
0,0586209456125895
-0,0151355234781901
-1
1
-1
-1
-1
-1
-1
-1
-1
-1