0,0747164726257324
0,049573384920756
-0,0579615831375122
0,050567045211792
0,0292038591702779
-0,0253764740626017
0,0484208663304647
0,0419097741444906
-0,0382995843887329
0,0523871358235677
0,0374543110529582
-0,0518543354670207
0,0541623560587565
0,00419968128204346
-0,0386605898539225
0,0533905442555745
-0,109106143315633
0,000489348173141479
0,0460334968566894
-0,253631782531738
0,050977152188619
-0,00822554190953573
-0,149933802286784
0,081175258954366
-0,0421904627482096
-0,0664361906051636
0,0378111998240153
-0,547300701141357
-0,958275767962138
-1,33717955271403
-0,942390416463216
-1,24020584106445
-1,78310541788737
-0,367739283243815
-0,773952077229818
-1,41760111490885
-0,283250052134196
-0,516316668192546
-1,0690049235026
-0,183375123341878
-0,232515446345011
-0,790091247558594
-0,120379419326782
-0,0163135528564453
-0,580337575276693
-0,0339515956242879
0,238367214202881
-0,419987551371257
0,332849839528402
0,395613327026367
0,731218789418538
2,20267807006836
0,512466990152995
4,77935404459635
1,88217742919922
-1,74291061401367
7,09484903971354
-0,0147833887736003
0,163966115315755
3,75519948323568
0,249494552612305
0,00548496246337891
1,01977681477865
0,160582755406698
0,015947904586792
0,9618798828125
0,0513085714975993
-0,103279190063477
0,750735219319661
0,00864707152048747
-0,112365032831828
0,524125366210938
-0,0347608709335327
-0,152255887985229
0,377722409566243
-0,0400774518648783
-0,1694988377889
0,277724018096924
-0,0315719779332479
-0,145667235056559
0,193135814666748
-0,0309808929761251
-0,0821341244379679
0,0960297695795695
-0,0400290735562642
-0,0131182754039764
0,00973653515179952
-0,0340080547332764
0,00610302726427714
-0,0267299842834473
-0,0197789537906647
0,0453244765599569
-0,0347097333272298
-0,0125275067488352
0,00683939297993978
-0,0122922444343567
-0,0150107570489248
0,0196688346068064
-0,0117368380228678
-1
1
-1
-1
-1
-1
-1
-1
-1
-1