-0,287443491617839
0,32643310546875
-0,634859326680501
-0,445067749023438
0,325317077636719
-0,477283782958984
-0,454677645365397
0,353501968383789
-0,481738141377767
-0,284692948659261
0,416933898925781
-0,485246671040853
-0,226438757578532
0,330460408528646
-0,411019744873047
-0,245646622975667
0,171800797780355
-0,338760878245036
-0,195831782023112
0,200691159566244
-0,298318538665771
-0,151833451588949
0,2734423828125
-0,285690663655599
-0,0790161673227946
0,417451718648275
-0,322672627766927
0,532972434361776
0,386882820129395
-2,22694901784261
0,920976092020671
0,168266092936198
-3,98248240152995
0,499674364725749
1,43954472859701
-2,10360794067383
0,385364672342936
1,02858268737793
-1,59601720174154
0,285808976491292
0,779805348714193
-1,1482405090332
0,244145641326904
0,741937535603841
-0,845908177693685
0,648110237121582
0,458523788452148
0,347736536661784
1,52397094726563
-0,237688655853271
5,25553181966146
1,09685918172201
-0,437133102416992
5,73230539957682
-0,583041381835937
-2,42404525756836
3,51206400553385
-0,346859410603841
-1,49143417358398
2,09811518351237
-0,249292691548665
-1,12203964233398
1,68344721476237
-0,23428596496582
-0,913313115437826
1,25672406514486
-0,208747901916504
-0,615078608194987
0,845699564615885
-0,182325337727865
-0,366731262207031
0,578330408732096
-0,164556020100911
-0,245593961079915
0,416073087056478
-0,125086762110392
-0,136896750132243
0,268238519032796
-0,073355123202006
0,018213521639506
0,130788787206014
-0,0574782053629557
0,089663077990214
0,0484773174921672
-0,0553214804331462
0,159066467285156
0,00166037956873576
-0,030514186223348
0,203377628326416
-0,0670491695404053
-0,02552548011144
0,151423660914103
-0,0744074630737305
-0,00804099003473918
0,000526806513468425
-0,00292633692423503
0,0299758271376292
-0,0577805407842
0,0392526547114054
0
1
0
0
0
0
0
0
0
0
