-0,254129384358724
-0,104288981755575
-0,752433853149414
-0,277297344207764
-0,0518270842234294
-0,689783935546875
-0,306757488250732
0,0288020197550456
-0,636495819091797
-0,359688873291016
0,165611673990885
-0,536341082255046
-0,251219546000163
0,315071957906087
-0,41914805094401
0,0239586035410563
0,630198529561361
-0,339668680826823
0,046129404703776
0,820815353393555
-0,300599505106608
-0,110739917755127
0,766437199910482
-0,180474389394124
-0,0477622556686401
0,651017087300619
-0,242490272521973
0,778584558169047
-1,33256711324056
-1,06141492843628
0,893665822347005
1,3461962890625
-4,67371103922526
0,316579767862956
0,88580317179362
-3,76615432739258
0,287612603505452
0,858916269938151
-2,01117167154948
0,27466433207194
0,717051849365234
-1,45888938903809
0,282664572397868
0,541923497517904
-0,992430419921875
1,25038835525513
-0,502899958292643
0,656387405395508
1,99839701334635
-2,82300018310547
5,91299051920573
0,50126454671224
-2,1983745320638
5,53743021647135
1,10148473103841
-1,15326594034831
4,21734375
-1,79765492757161
0,224074249267578
-0,364924443562826
-1,34172037760417
0,297151025136312
-0,191228001912435
-1,02663678487142
0,162164662679036
-0,0980191485087077
-0,754404449462891
0,156076243718465
-0,128400030136108
-0,594413757324219
0,106099894841512
-0,149363393783569
-0,453354059855143
0,0409134864807129
-0,156625789006551
-0,350042813618978
-0,0396453181902568
-0,145340070724487
-0,260813503265381
-0,0910901514689128
-0,145277283986409
-0,191527214050293
-0,0856908543904622
-0,153584321339925
-0,144243755340576
-0,0357588402430216
-0,149136320749919
-0,120398066838582
-0,0155696161588033
-0,124451424280802
-0,0854306093851725
-0,0139289673169454
-0,108368832270304
-0,0617843325932821
-0,0744552612304688
-0,090529416402181
-0,052421194712321
-0,128361221949259
-0,0768121433258057
0
1
0
0
0
0
0
0
0
0
