0,00149811267852783
-0,0138391768932343
-0,0167217139403025
0,00886753976345062
-0,0716673024495443
-0,0253266390164693
0,00856151978174845
-0,114921290079753
-0,0309911688168844
0,0118890698750814
-0,121753222147624
-0,0286869192123413
0,00741552253564199
-0,0855194314320882
-0,0221135973930359
-0,00778887589772542
-0,00503324906031291
-0,0164288306236267
-0,0169521327813466
0,151060345967611
-0,015773477156957
0,0190797869364421
0,261840362548828
-0,00243648072083791
0,0536261208852132
0,200290238062541
-0,0155043331782023
0,202267932891846
-0,20390105565389
-1,83211082458496
0,685200220743815
0,534272054036458
-2,23480127970378
0,704255828857422
0,52178596496582
-2,12945546468099
0,779351196289062
0,703032964070638
-2,28274744669596
0,541797676086426
0,527232309977213
-1,81744237263997
0,43511905670166
0,452758585611979
-1,42901880900065
0,327295322418213
0,316614545186361
-1,03937599182129
0,275344950358073
0,230089511871338
-0,738708012898763
0,232987511952718
0,22397803624471
-0,528480237325033
0,217909685770671
0,285994472503662
-0,271282720565796
0,226124712626139
0,321908264160156
1,62380106925964
-1,10113361358643
-0,183564910888672
3,58169657389323
-0,258938115437826
0,869639027913411
2,81216644287109
0,985920791625977
-0,606431172688802
3,71271352132161
-1,71896006266276
-2,1786040242513
1,620439453125
-0,137612266540527
-0,452120412190755
2,44816741943359
-0,0795103518168132
-0,267532380421956
2,11421076456706
-0,0714455064137777
-0,160629348754883
1,68054733276367
-0,0671616411209107
-0,134148009618123
1,27188051859538
-0,0840345859527588
-0,0838349405924479
0,933072153727214
-0,0757410415013631
-0,048766500155131
0,669258117675781
-0,0788391733169556
-0,0588276656468709
0,475112075805664
-0,0760308647155762
-0,0893740844726563
0,343080037434896
-0,061012814839681
-0,0865016110738118
0,244478696187337
0
1
0
0
0
0
0
0
0
0
