-0,0625563557942708
-0,199003601074219
-0,0151156481107076
-0,0318996262550354
-0,207631816864014
-0,0254572661717733
-0,00428211897611618
-0,0472529983520508
-0,0958465544382731
0,0515008326371511
0,0140536109606425
-0,157201932271322
0,181974315643311
-0,094867369333903
-0,355048739115397
0,426256459554037
-0,0320482301712036
-0,749829521179199
0,421171162923177
-0,0923634799321493
-0,967852605183919
0,428336741129557
-0,136302185058594
-1,15101590474447
0,32468677520752
0,103752174377441
-1,13774172465007
0,368130633036296
-0,308431962331136
-2,0042946879069
0,28922742207845
-0,550407689412435
-2,03258188883464
0,23247553507487
-0,440995292663574
-1,53392664591471
0,18863842010498
-0,289308910369873
-1,1699577331543
0,17627259572347
-0,163786392211914
-0,864793523152669
0,17354897181193
-0,0532896494865417
-0,604332364400228
0,215319868723551
0,103704977035522
-0,299812863667806
0,524661159515381
0,164899673461914
2,40570678075155
1,16960627237956
-1,71235168457031
4,74648478190104
0,577942988077799
-2,07143107096354
3,64850240071615
0,787534154256185
-0,386992874145508
4,20222239176432
-0,0117107200622559
0,450409037272135
2,54663029988607
0,241484464009603
1,0180069732666
1,7234482828776
0,170844875971476
0,872725880940755
1,26241938273112
0,0771082003911336
0,77748774210612
0,97388064066569
0,0480797934532166
0,533136660257975
0,85011479695638
0,0174335018793742
0,328148485819499
0,675454266866048
-0,0217123432954152
0,220543416341146
0,513918431599935
-0,021811408996582
0,170981260935466
0,372989463806152
-0,0266980171203613
0,12955410639445
0,23882578531901
-0,0166669976711273
0,114950567881266
0,151128787994385
-0,0207608489195506
0,0708103370666504
0,112880805333455
-0,0105058312416077
0,0608334573109945
0,070887401898702
-0,00287972013155619
0,0794394715627034
0,0344029569625854
0
1
0
0
0
0
0
0
0
0
