0,0827103360493978
0,196441637674967
-0,997069574991862
0,0712322934468587
0,3215047899882
-1,06619860331217
0,0412413207689921
0,367580922444661
-0,861831487019857
0,024421006043752
0,35000857035319
-0,661494560241699
0,0203768316904704
0,369930241902669
-0,506850357055664
0,0283852934837341
0,437590942382813
-0,379354553222656
0,0615622552235921
0,448814163208008
-0,253584264119466
0,0948088836669922
0,452682342529297
-0,124626474380493
0,128933588663737
0,420266888936361
0,0165618864695231
1,73668270111084
-0,0978300984700521
3,14564982096354
0,762211761474609
-1,25305845896403
4,13312357584635
0,59644785563151
-0,269822044372559
3,7856391398112
-0,254711049397786
0,0503852335611979
3,74108998616536
0,107800521850586
-1,47727610270182
2,8848046875
0,549799667398135
0,300990422566732
2,52405990600586
-0,00475572387377421
0,772876714070638
2,19517094930013
0,0123943289120992
0,470402234395345
1,95891886393229
-0,00909978787104289
0,307717564900716
1,58646820068359
0,041818155447642
0,249610284169515
1,31154846191406
0,0748052263259888
0,226941299438477
1,10475234985352
0,0634963035583496
0,27699852625529
0,921202596028646
0,0539879210789998
0,304316876729329
0,700480855305989
0,0344666608174642
0,247326316833496
0,520557225545247
0,0202034862836202
0,201970876057943
0,351345615386963
0,0114008416732152
0,135676765441895
0,237290331522624
0,00193279097477595
0,0968448225657145
0,142372989654541
-0,00722074071566264
0,0681940333048503
0,0810432354609171
-0,00293020407358805
0,0417524933815002
0,0428653081258138
0,00179179807504018
-0,011802016099294
0,0324452678362529
0,008061842918396
-0,0136229594548543
0,00743197520573934
-0,00182307491699855
0,0545546197891235
-0,031739589770635
0,00139035324255625
0,0973513889312744
-0,0591314935684204
0,00125342989961306
0,0764978377024333
-0,0608365217844645
0
1
0
0
0
0
0
0
0
0
