0,0101774005095164
-0,0244258173306783
0,0845591386159261
-0,00209523141384125
0,00555231233437856
0,0719753440221151
-0,00369445512692134
-0,0378690616289775
0,0574837684631348
0,0275759180386861
-0,0228535024325053
-0,0650973542531331
0,0561407502492269
0,0744037628173828
-0,110019518534342
0,0608552583058675
0,213763898213704
-0,11854341506958
0,0554100338617961
0,328359724680583
-0,111110684076945
0,0132497827212016
0,450129229227702
-0,0948540592193603
0,0328499579429626
0,610206680297852
-0,101827252705892
1,00805679003398
1,00553334554036
-2,77428415298462
0,718258870442708
2,03875295003255
-4,82116556803385
0,126425228118896
1,69788861592611
-1,65915802001953
0,100787318547567
0,989052047729492
-0,818657658894857
0,139153493245443
0,851697667439779
-0,636054140726725
0,142645460764567
0,742769241333008
-0,439192441304525
0,138249638875326
0,65716423034668
-0,116799634297689
0,344785480499268
0,0989918899536133
1,10975282033284
1,32771850585937
-1,22474763234456
3,49714162190755
3,09985137939453
-2,37829559326172
5,24137522379557
0,480512186686198
-3,12255350748698
5,47200225830078
-1,02561345418294
-1,44472793579102
2,36165659586589
-0,719652036031087
-0,705345547993978
2,13857294718425
-0,470966351826986
-0,393145612080892
1,87258509318034
-0,364569695790609
-0,324312019348145
1,3760413869222
-0,305689646402995
-0,308769505818685
0,977307103474935
-0,261825714111328
-0,27405325571696
0,682806447347005
-0,23808100382487
-0,27312126159668
0,479112586975098
-0,186737098693848
-0,192316665649414
0,308330574035645
-0,139731556574504
-0,127424688339233
0,186771310170492
-0,110171384811401
-0,0447288060188293
0,110387948354085
-0,0749401505788167
-0,0434337862332662
0,0620796902974447
-0,0568584458033244
-0,0362361701329549
0,0485223054885864
-0,0483615454037984
0,0126619605223338
0,0337424373626709
0
1
0
0
0
0
0
0
0
0
