-0,0151289769013723
-0,123186413447062
-0,151153427759806
-0,00567898492018382
-0,113748925526937
-0,104308350880941
-0,0138004100322723
-0,187826414108276
-0,063923077583313
-0,0208222778638204
-0,392418994903564
-0,052711197535197
-0,019752459526062
-0,642492815653483
-0,0967255147298177
0,00493316531181335
-0,824160614013672
-0,106688810984294
0,0319818393389384
-0,933027038574219
-0,0789665524164836
0,0340760278701782
-1,01083618164063
-0,0301428659756978
0,0271256947517395
-0,987414093017578
-0,0278992923100789
0,0969530550638835
0,184587682088216
-1,94024474461873
-0,302333316802979
0,813281707763672
-2,1162754313151
-0,21976536432902
0,72707649230957
-1,83470855712891
-0,207966868082682
0,638910573323568
-1,67272038777669
-0,25578795115153
0,596002553304036
-1,43308659871419
-0,284719734191895
0,560470492045085
-1,10978131612142
-0,276194788614909
0,488163108825684
-0,871115544637044
-0,294911149342855
0,466781527201335
-0,681306546529134
-0,261146659851074
0,373414929707845
-0,482634544372559
-0,193324464162191
0,266654675801595
-0,336781234741211
-0,12364706993103
0,223900839487712
-0,246512076059977
-0,0453547509511312
0,180592263539632
-0,192954813639323
0,106605970064799
0,0536390701929728
-0,0396348985036214
0,287105522155762
-0,0626399358113607
0,262551155090332
0,466112912495931
-0,286097462972005
0,765647735595703
0,825434583028157
-1,57406010945638
2,52944753011068
1,44549039204915
-1,39891916910807
2,21965586344401
0,990568186442057
-0,729849319458008
2,30370788574219
0,216469739278158
0,0137504410743713
2,3363427734375
0,402589410146077
0,229673394362132
1,87681355794271
0,381110064188639
0,318714071909587
1,06570823669434
0,318449223836263
0,226704006195068
0,868351465861003
0,221077607472738
0,0911836751302083
0,651745096842448
0,133002662658691
0,0556683667500814
0,448752593994141
0
1
0
0
0
0
0
0
0
0
