0,117989225387573
-0,207689164479574
-0,864411951700846
0,0510173257191976
0,0440802264213562
-1,04215632120768
-0,027541811466217
0,171755428314209
-1,06842374165853
-0,119973611831665
0,235090268452962
-0,996938273111979
-0,178306617736816
0,268705266316732
-0,826098810831706
-0,134636481602987
0,230823192596436
-0,643662312825521
-0,0730799929300944
0,175972649256388
-0,486889190673828
0,0827946869532267
0,0288646793365478
-0,284203656514486
0,306356906890869
-0,255243695576986
0,0834849071502686
1,6771858215332
-1,34329655965169
1,89725537618001
2,55555760701497
-1,73115244547526
3,55596008300781
0,384338302612305
-0,657982215881348
3,08858647664388
0,390627237955729
0,249383074442546
2,10608815511068
0,741443150838216
0,370277900695801
1,82118860880534
0,600235188802083
0,0113534069061279
1,6553759765625
0,448314590454102
-0,183089923858643
1,26669128417969
0,31723529179891
-0,111589635213216
0,882203216552734
0,208020763397217
0,0301244958241781
0,628512852986654
0,136472759246826
0,140305547714233
0,451519813537598
0,0929840628306071
0,181543998718262
0,317721710205078
0,0599770466486613
0,198736248016357
0,214151840209961
0,0417359781265259
0,175371335347493
0,145299812952677
0,0224677737553914
0,180613199869792
0,0803823105494181
0,0149719230333964
0,165621299743652
0,022899120648702
0,013409495751063
0,0957218917210897
0,0115312631924947
0,0122094225883484
0,0537422704696655
0,00978064775466919
0,0164522099494934
0,0551892232894897
0,00435923953851064
0,0140908201535543
0,0615835698445638
-0,00264898955821991
0,0122703929742177
0,0613134527206421
-0,00718265990416209
0,0146602479616801
0,0245879248778025
-0,01175932208697
0,0185862712065379
-0,00537373661994934
-0,0155953967571259
0,0217513132095337
-0,0248382870356242
-0,0264975794156392
0,0289857546488444
-0,0393079455693563
-0,0217321928342183
0
1
0
0
0
0
0
0
0
0
