0,0156010260184606
0,0388257932662964
0,108231757481893
0,0483271074295044
0,0624613904953003
0,0628701146443685
0,0719069194793701
0,0642843310038249
0,0457843987147013
0,121974732081095
0,104673903783162
0,0125432862838109
0,153636248906453
0,133582379023234
-0,000520151555538177
0,170164159138997
0,144675010045369
-0,00518641496698062
0,203202164967855
0,151452045440674
-0,00137735267480214
0,289494794209798
0,262789618174235
0,011451412041982
0,502750447591146
0,480607604980469
0,00385039672255516
1,37371701558431
1,52326543172201
-0,244963869253794
0,472529004414876
0,672844454447428
-0,846141637166341
0,245948638916016
0,398307011922201
-0,580363794962565
0,200869394938151
0,17298412322998
-0,624559605916341
0,205666014353434
0,179661979675293
-0,909431228637695
0,130814825693766
0,414197794596354
-1,0331009165446
0,0214283997813861
0,727756843566895
-1,01512629191081
-0,0113375228643417
0,870044708251953
-0,958000106811523
-0,000408461888631185
0,611977386474609
-0,670014088948568
0,0746091095606486
0,577299715677897
-0,443538208007813
0,67356325785319
1,9468877919515
0,695928808848063
1,32216842651367
1,02819821675618
3,52745096842448
1,39772097269694
-1,02813868204753
3,33078430175781
1,11419548034668
-1,12605463663737
3,41032257080078
0,636011708577474
-1,31182952880859
3,189033203125
-0,470365028381348
-1,28389254252116
1,74193227132161
-0,410867347717285
-0,955726699829102
1,53259485880534
-0,345991433461507
-0,764624811808268
1,23617688496908
-0,312039419809977
-0,599594370524089
1,02575375874837
-0,266111736297607
-0,387049280802409
0,792783660888672
-0,225120665232341
-0,262499669392904
0,543416786193848
-0,205129419962565
-0,278408260345459
0,390736045837402
-0,165195798873901
-0,309101022084554
0,297867844899495
-0,130725440979004
-0,299997138977051
0,196913992563883
0
1
0
0
0
0
0
0
0
0
