0,0140250500043233
0,0331762472788493
-0,285762354532878
0,0254291117191315
0,0883811505635579
-0,27827662785848
0,0497388633092244
0,0198867114384969
-0,214028402964274
0,0758127530415853
-0,057842378616333
-0,178358173370361
0,111266237894694
-0,0911456362406413
-0,176092262268066
0,115768175125122
-0,0972361246744792
-0,16597861289978
0,109320996602376
-0,101459093093872
-0,170120096206665
0,097210693359375
-0,00161535898844401
-0,225033270517985
0,0190787784258525
0,0488640975952148
-0,213378429412842
0,645077842076619
-0,0269949531555176
-2,69574670155843
0,234319585164388
0,497506904602051
-4,43754862467448
0,328386739095052
2,95885670979818
-1,52871744791667
0,328636016845703
2,15772979736328
-0,552738202412923
0,303929125467936
1,89923166910807
-0,276459684371948
2,02414788564046
0,570695114135742
2,95893309593201
2,68270009358724
-2,77895024617513
7,06281921386719
-0,0859487915039063
-1,95757588704427
5,78206502278646
-0,110556844075521
-0,380436096191406
3,95355895996094
-0,0240920193990072
-0,531349271138509
1,41941050211589
-0,111995941797892
-0,291769460042318
1,22654696146647
-0,160431276957194
-0,165523061752319
1,09332252502441
-0,140049327214559
-0,0690069516499837
0,909242350260417
-0,122178942362467
-0,0804686546325684
0,657287038167318
-0,107915821075439
-0,0354734571774801
0,381305987040202
-0,0689150031407674
0,0350919353961945
0,140697070757548
-0,0241252859433492
0,120861813227336
-0,0275382963816325
0,0131910645961761
0,211366132100423
-0,116889479955037
0,0167846786975861
0,213421465555827
-0,1210453637441
0,0328731147448222
0,154465287526449
-0,139353799819946
0,0374438754717509
0,0869837315877279
-0,188507258097331
0,0445142936706543
0,0521678082148234
-0,212908058166504
0,0541380039850871
-0,0308948795000712
-0,180515594482422
0,0589960781733195
-0,059498496055603
-0,159036912918091
-1
1
-1
-1
-1
-1
-1
-1
-1
-1