-0,249336484273275
0,682292607625326
-0,530883814493815
-0,258110001881917
0,692972208658854
-0,458095105489095
-0,111187092463175
0,631990140279134
-0,376753412882487
-0,102659985224406
0,647226587931315
-0,335515511830648
-0,0720662307739258
0,67540044148763
-0,235070171356201
-0,147234306335449
0,523640340169271
-0,160930741628011
-0,212638378143311
0,395391947428385
-0,0607778167724609
-0,0653146648406982
0,19964781443278
-0,244288676579793
-0,0398288989067078
0,0442809613545736
-0,411734784444173
1,33409077326457
-1,31172459920247
-2,22208129882812
-0,370921478271484
-0,598205820719401
-4,3857187906901
-0,31344544728597
0,170576400756836
-1,73604398091634
-0,195279909769694
0,0513327471415202
-1,04488042195638
-0,119635448455811
0,50884469350179
-0,793830057779948
0,385607112248739
0,299044532775879
0,517106399536133
1,55070714314779
-1,30192684173584
5,28147501627604
2,25932006835937
-5,46211446126302
6,07283406575521
-0,939661966959635
-3,22679011027018
4,61599466959635
-0,857016347249349
-1,60599380493164
2,37387629191081
-0,628895161946615
-1,18114430745443
1,49291753133138
-0,462667338053385
-0,872507069905599
1,1417195892334
-0,417265535990397
-0,54672664642334
0,802331670125325
-0,332626361846924
-0,286722876230876
0,522813924153646
-0,24426503499349
-0,182206179300944
0,339378840128581
-0,174204416275024
-0,0904708019892375
0,231878420511882
-0,113035853703817
-0,0403398784001668
0,121286029815674
-0,0610431337356567
-0,0203351879119873
0,00762376308441162
-0,0336989855766296
0,00595276435216268
-0,0745304044087728
-0,00993364453315735
0,0325068076451619
-0,0901077715555827
0,0198364873727163
0,0153547461827596
-0,0591388273239136
0,0215431571006775
-0,0105727159976959
-0,0388838712374369
0,00923849940299988
-0,00231646855672201
-0,0288694564501445
0,00964319030443827
-0,0105338352918625
0,00309812625249227
-1
1
-1
-1
-1
-1
-1
-1
-1
-1