0,0584609618782997
0,149909007549286
-0,0333942945798238
-0,00256144855171442
0,0247397033373515
-0,0783477163314819
0,00769069135189056
0,0254301532109578
-0,0713440322875977
0,0120181862513224
0,0149739003181458
-0,0447743837038676
0,0248118829727173
0,0334778459866842
-0,0410345737139384
0,0164014045397441
0,0517171573638916
-0,0441335423787435
0,0248854327201843
0,0648031711578369
-0,0395093115170797
0,0340419316291809
0,026092521349589
-0,00190755486488342
0,119752197265625
-0,243908967971802
-0,073968939781189
0,113167969385783
-0,961648178100586
-2,00496938069661
-0,0852834892272949
-0,330789133707682
-2,38592427571615
-0,29327143351237
-0,378009961446126
-1,71659515380859
-0,219718246459961
-0,260900548299154
-1,4686833190918
-0,150579220453898
0,111987250645955
-1,1882251739502
-0,133800458908081
0,362415390014648
-0,896440709431966
-0,0697772614161174
0,519826863606771
-0,691416130065918
0,0222665476799011
0,671987126668294
-0,482496922810872
1,21138442993164
-0,803857879638672
2,19829881668091
1,95461720784505
-2,2414350382487
5,26583028157552
0,141633504231771
-2,33308817545573
5,53013509114583
-0,27266845703125
0,607877400716146
3,60730509440104
0,248479881286621
0,0146409384409587
2,30204920450846
0,0932819112141927
0,0229648725191752
1,78276006062826
0,0168579264481862
-0,010235538482666
1,25740745544434
-0,0388374455769857
0,014079163869222
0,87396001180013
-0,0588891665140788
0,0501371685663859
0,632599309285482
-0,0782937447230021
0,0202797603607178
0,434358851114909
-0,10226442972819
-0,0385939804712931
0,24795529683431
-0,100644563039144
-0,00684947768847148
0,0353354565302531
-0,0706914345423381
0,0452479831377665
-0,0809258715311686
-0,0477519734700521
0,0711109256744385
-0,097177054087321
-0,017183479865392
0,0787570476531982
-0,0933055973052979
-0,00504744966824849
0,0823179976145426
-0,106830422083537
0
1
0
0
0
0
0
0
0
0
