0,00906331499417623
-0,0927414671579997
-0,0616632874806722
0,0172712775071462
-0,162327566146851
-0,0217037749290466
0,0611228450139364
-0,313211186726888
-0,038735998471578
0,101865847905477
-0,427170715332031
-0,0734395869572957
0,14173041343689
-0,361222229003906
-0,138089335759481
0,145740509033203
-0,210044123331706
-0,170510972340902
0,112470490137736
-0,100392376581828
-0,149150765736898
0,0330684844652812
-0,0483342695236206
-0,0894736099243164
-0,0309286872545878
-0,0791896470387777
-0,113524398803711
0,167199363708496
0,953936525980632
-1,985685450236
-0,121128768920898
0,622392705281576
-2,69262715657552
-0,896788024902344
0,566589101155599
-1,90235733032227
-0,663309516906738
0,562201194763184
-1,39375915527344
-0,0660108184814453
1,38639666239421
-0,571511739095052
1,45879653930664
2,92143956502279
1,86468383789062
-1,00101577758789
0,830527750651042
5,12378753662109
-0,306107482910156
1,05545430501302
1,86739786783854
0,618350524902344
-0,216144631703695
1,23550445556641
0,437723757425944
0,0332669909795125
1,09913068135579
0,326448516845703
0,155751021703084
0,847637761433919
0,202225551605225
0,194538097381592
0,589901847839356
0,131628459294637
0,172807092666626
0,409619890848796
0,109608106613159
0,154804436365763
0,303587284088135
0,0926144568125407
0,0886924759546916
0,268498490651449
0,0617738548914591
-0,0552331876754761
0,236731052398682
0,0283291816711426
-0,13502400080363
0,176581522623698
0,0112440347671509
-0,0962508551279704
0,112047513326009
0,0131399973233541
-0,0956137720743815
0,0669495073954264
0,00823129236698151
-0,152669588724772
0,0134491050243378
0,00771760404109955
-0,197792288462321
-0,0182033109664917
0,0197049887975057
-0,160096915562948
-0,0339014434814453
0,00966780424118042
-0,117457825342814
0,00475351413091024
0,0139126205444336
-0,0769692659378052
0,0325101041793823
-1
1
-1
-1
-1
-1
-1
-1
-1
-1