-0,0450139323870341
0,0858337179819743
0,146963631312052
-0,0459723154703776
-0,026321386496226
0,177687320709229
-0,0183841808636983
-0,0621467431386312
0,193798484802246
-0,0562947781880697
0,0367136096954346
0,20053596496582
-0,00680557598670324
0,138009084065755
0,140696295102437
0,00301075657208761
0,180776309967041
0,0216890565554301
-0,0403411833445231
0,351571788787842
-0,00900883714358012
-0,0540360148747762
0,352599951426188
0,0244056006272634
-0,034674121538798
0,124086397488912
0,0475487947463989
-0,171664358774821
0,0638579130172729
-1,93664671579997
-0,625651067097982
1,69046864827474
-3,872109375
-0,199187227884928
1,20284868876139
-3,26477630615234
-0,206829744974772
-0,408304748535156
-1,56495569864909
-0,349067414601644
-0,870031255086263
-0,853324610392253
-0,283003966013591
-0,243230069478353
-0,7024818166097
2,50841101646423
-0,320068651835124
2,16651293436686
3,50341567993164
-1,18646367390951
6,20658955891927
1,34945719401042
-0,773936767578125
6,85075012207031
0,122691040039063
-1,12187998453776
4,3883544921875
0,392380345662435
0,0096790568033854
2,43376881917318
0,170656356811523
0,389109547932943
1,87894688924154
0,0584565989176432
0,398564923604329
1,28943580627441
0,022276132106781
0,359405288696289
0,71918036142985
-0,00395757516225179
0,236148366928101
0,257380390167236
-1,67562038421631
-0,314410406748454
0,0926314226786296
-2,21641098022461
-0,380020167032878
0,226271438598633
-1,61105565388997
-0,24175178527832
0,0971539465586344
-1,01866205851237
-0,0477055931091309
-0,128256851832072
-0,69203675587972
0,0085163422425588
-0,114898103078206
-0,508983548482259
-0,0404943619171778
-0,0772537136077881
-0,44856819152832
-0,144321215947469
-0,157142124176025
-0,249326635996501
-0,00654594580332438
-0,24105847676595
-0,0750701491038004
0,159416542053223
-0,41335641225179
-1
1
-1
-1
-1
-1
-1
-1
-1
-1