0,151267340977987
0,244884872436523
-0,206275914510091
0,221166604359945
0,241905911763509
-0,22537592569987
0,275157953898112
0,271904481252035
-0,226256357828776
0,196191501617432
0,248995087941488
-0,203689759572347
0,0800819285710653
0,199618047078451
-0,161837679545085
0,0467124342918396
0,107463850975037
-0,15154541015625
-0,00241548458735148
-0,0267733860015869
-0,110892206827799
-0,0190037592252096
0,0568805090586344
-0,0966089598337809
0,0242178217569987
0,197321122487386
-0,173056367238363
0,170095380147298
0,0854917526245117
-2,29781946818034
-0,503197466532389
0,987359822591146
-3,5565087890625
-0,641639582316081
1,87978271484375
-1,26560895284017
-0,541969248453776
1,44323282877604
-0,64210563659668
-0,33085870107015
1,13350588480632
-0,427620836893717
0,624744447072347
1,29841832478841
0,670843404134115
2,79459971110026
2,23992716471354
4,1396523030599
4,14043111165365
2,07607340494792
4,69746358235677
0,550272623697917
2,07531321207682
3,51041585286458
0,219790267944336
2,12517176310221
1,36786003112793
0,467447039286296
1,68405303955078
0,824277598063151
0,321792551676432
1,25637336730957
0,475036277770996
0,250991865793864
0,828842849731445
0,150681435267131
0,201118405659994
0,633699188232422
-0,0172036520640055
-0,134973840713501
0,25454506556193
-0,120303535461426
-0,388214886983236
0,00725523312886556
0,012183526357015
-0,560590591430664
-0,222363859812419
0,0755928707122803
-0,510781682332357
-0,272384770711263
-0,016975843111674
-0,210615256627401
-0,0733327881495158
-0,190920594533284
-0,173854118982951
0,00219123204549154
-0,237047080993652
-0,26000633875529
0,0339271632830302
-0,115332409540812
-0,244272804260254
0,0688195482889811
-0,0992763042449951
-0,170774660110474
0,150475699106852
-0,129799744288127
-0,151156702041626
0,168540474573771
-0,186867554982503
0
1
0
0
0
0
0
0
0
0
