-0,147167971928914
-0,187757345835368
-0,743471832275391
-0,126033061345418
-0,224676844278971
-0,893551152547201
-0,163170696894328
-0,151871147155762
-1,08014508565267
-0,244582068125407
-0,0692842713991801
-1,18046223958333
-0,32575470606486
0,00676218509674072
-1,22728408813477
-0,367920455932617
0,185968707402547
-1,3008122253418
-0,472347030639648
0,168559557596842
-1,37199671427409
-0,471717262268066
-0,231716394424438
-1,27263519287109
-0,141938444773356
-0,311020571390788
-1,118435643514
3,18136403719584
-0,28852876663208
-0,0741087595621745
3,69564097086589
-0,0179537073771159
6,51113087972005
-0,496573232014974
0,843165486653646
5,78212727864583
2,76981740315755
1,3264279683431
3,23562744140625
0,93064931233724
1,12756848653158
1,26857968648275
0,629545593261719
0,778240509033203
1,12272000630697
0,601585172017415
0,714765345255534
0,950601018269857
0,3606476465861
0,536951459248861
0,682224146525065
0,173602326711019
0,460551160176595
0,40767765045166
0,127296028137207
0,45347962697347
0,268907006581624
0,159153032302856
0,380577392578125
0,258125495910645
0,151839656829834
0,366534639994303
0,184280875523885
0,054855432510376
0,539608383178711
0,0793755531311035
-0,00304091572761536
0,542697486877441
0,0259614443778992
0,0764908822377523
0,389751040140788
-0,0115195500850677
0,0637154642740885
0,367031555175781
-0,00192867934703827
0,00331378261248271
0,447468299865723
-0,0303929352760315
-0,0193926111857096
0,483476155598958
-0,0997720750172933
-0,0119797986745834
0,43748654683431
-0,126899239222209
0,00812131067117055
0,325851662953695
-0,0979247093200684
0,033321061929067
0,201148147583008
-0,0554662752151489
0,0410046418507894
0,120032377243042
-0,0211744956175486
0,027539168993632
0,103849426905314
0,0148244174321493
0,0254738434155782
0,0830297740300496
0,0395607471466064
-1
1
-1
-1
-1
-1
-1
-1
-1
-1