-0,771839218139648
0,508519198099772
-0,296377080281576
-0,691000162760417
0,52361759185791
-0,114415140151978
-0,637197062174479
0,540099983215332
-0,0286319700876872
-0,499293530782064
0,739956334431966
-0,0511160246531169
-0,37201550801595
0,871903686523437
-0,141516431172689
-0,479326871236165
0,871903686523437
0,00931588808695475
-0,448562329610189
0,709462153116862
0,0511756563186645
-0,223589916229248
0,608543141682943
-0,100453028678894
-0,186604372660319
0,471085433959961
-0,121647764841716
0,888433809280396
-0,957778917948405
-1,89935265223185
0,281267166137695
-0,462550239562988
-4,06528778076172
-0,157748851776123
0,167988522847493
-2,9376193745931
-0,13238081296285
0,797328008015951
-1,4612917582194
-0,161287123362223
0,816654815673828
-1,18114959716797
0,00880056063334147
0,70713139851888
-0,825685119628906
0,0463184261322021
0,586099014282227
-0,67507884979248
2,30430356343587
0,0400144449869792
1,34315408070882
4,93540730794271
-1,00166295369466
5,49808024088542
6,39374267578125
0,0904971822102865
6,43561157226562
-0,142633056640625
1,05372904459635
5,14606414794922
2,06296234130859
1,68830871582031
1,6140586344401
2,07014628092448
0,319231694539388
1,70053049723307
1,52816441853841
-0,0637275664011637
1,42185073852539
1,12087913513184
-0,218212636311849
1,13899007161458
0,784403635660807
-0,18915802637736
0,81016606648763
0,498092346191406
-0,197456506093343
0,461884396870931
0,256585992177327
-0,151773211161296
0,0574608135223389
0,150525954564412
-0,133032334645589
-0,0503311125437419
0,14212776184082
-0,133794053395589
-0,121945432027181
0,11453958829244
-0,205144742329915
-0,242126801808675
0,137111892700195
-0,160766563415527
-0,239028898874919
0,0808571640650431
-0,175340232849121
-0,248102684020996
-0,0508013804753621
-0,294817911783854
-0,164637810389201
-1
1
-1
-1
-1
-1
-1
-1
-1
-1