0,0927724011739095
-0,382161509195964
0,35082660039266
0,128786074320475
-0,425570971171061
0,439254900614421
0,167010501225789
-0,608891016642253
0,458171882629395
0,278418788909912
-0,806483891805013
0,530491180419922
0,285033117930094
-0,666657333374023
0,48833194732666
0,237809480031331
-0,513971239725749
0,383792533874512
0,232969099680583
-0,435813725789388
0,298777275085449
0,214623839060465
-0,231678435007731
0,261534169514974
0,175594113667806
-0,119934768676758
0,275879433949788
-0,00057715098063151
0,372079467773438
-2,22413441975911
-0,574197082519531
2,37206904093424
-3,68535624186198
-1,27661432902018
1,89102940877279
-2,3008620707194
-1,02760622660319
1,53456881205241
-1,96042277018229
-0,56790651957194
0,789142723083496
-1,40313529968262
-0,458772455851237
0,531864827473958
-0,876594390869141
1,27852970123291
-1,67228614807129
-0,228602244059245
4,5419472249349
-4,77480834960938
2,20224192301432
4,90197814941406
-7,4926513671875
4,99214497884115
3,23263849894206
-5,05784851074219
4,99558451334635
0,844408620198568
-4,21634765625
3,4969574991862
1,28846127827962
-0,60951421101888
0,652144215901693
1,05647692362467
0,898829193115234
0,278271490732829
0,784062093098958
0,662500686645508
0,327788276672363
0,535380643208822
0,450879465738932
0,408232014973958
0,319938939412435
0,17198361714681
0,445816510518392
-1,58786102294922
-2,67947494506836
-0,333338623046875
-1,45538736979167
-2,05130742390951
0,577372144063314
-1,51450719197591
-1,89581207275391
0,499638595581055
-1,33523587544759
-1,47308235168457
0,320114440917969
-0,912659428914388
-1,00536468505859
0,10303509871165
-0,769710998535156
-0,733362121582031
-0,0176202420393626
-0,653644332885742
-0,509781188964844
0,0221301130453746
-0,351860675811768
-0,305960915883382
-0,0666216166814168
-1
1
-1
-1
-1
-1
-1
-1
-1
-1