0,0280614542961121
0,105328737894694
-0,241193688710531
0,0539319856961568
0,115067119598389
-0,193527580897013
0,0595579274495443
0,00513229211171468
-0,0262703498204549
0,034571479956309
-0,0846578613917033
0,0458025534947713
0,0232124416033427
-0,0504317418734233
-0,0397482951482137
-0,0106680663426717
0,0490513030687968
-0,163237454096476
-0,0980027914047241
0,154943857192993
-0,129120461146037
-0,115287628173828
0,0638226699829102
0,0464763927459717
-0,0960398213068644
-0,109125571250916
0,119583339691162
0,0266493479410807
0,265495529174805
-2,10305910746257
-0,338806406656901
0,818403498331706
-2,34541463216146
-0,295101979573568
0,755991872151693
-1,98090866088867
-0,229296932220459
0,66996467590332
-1,4496799214681
-0,176488351821899
0,813247782389323
-1,11152498881022
0,0353506135940552
1,14365384419759
-0,851073989868164
0,765972493489584
0,625643641153971
2,96752731323242
-0,492510172526042
-1,25469970703125
5,24997528076172
0,688582712809245
-2,48867126464844
4,48568623860677
-0,150207888285319
0,486008084615072
2,0715033976237
-0,235260264078776
0,58771292368571
1,47328297932943
-0,246032441457113
0,415978024800618
1,22821619669596
-0,181887404123942
0,28427256266276
0,88025395711263
-0,184240080515544
0,268642228444417
0,559676780700684
-0,141376940409342
0,296705722808838
0,328776473999023
-0,0877631696065267
0,220875765482585
0,244665400187175
-0,0823992300033569
0,12090092976888
0,238490931193034
-0,0666753403345744
0,0750144894917806
0,18756996790568
-0,0730106973648071
0,0390568113327026
0,10713184038798
-0,0593188905715942
-0,0039288341999054
0,025879107316335
-0,0465174309412638
-0,0971020364761352
-0,000466005901495616
-0,0229515147209167
-0,157409241994222
-0,0291501379013062
-0,0212904055913289
-0,137130076090495
-0,0574152437845866
-0,0133618410428365
-0,112858839035034
-0,0905513381958008
0
1
0
0
0
0
0
0
0
0
