0,0841340239842733
0,359216054280599
-0,726557286580404
0,0321584947903951
0,32558677037557
-0,671827901204427
-0,0327247953414917
0,313392728169759
-0,699964828491211
-0,081753044128418
0,43046760559082
-0,821118443806966
-0,160727764765422
0,477313346862793
-0,777527796427409
-0,251106389363607
0,280666955312093
-0,764405568440755
-0,309080308278402
0,0716237529118856
-0,863999608357747
-0,371369972229004
0,160850880940755
-0,742576395670573
-0,415494842529297
0,456683629353841
-0,496224416097005
0,0339628537495931
1,82249010721842
0,288084894816081
1,34842529296875
1,40092178344727
3,49312306722005
0,404938405354818
0,422368443806966
3,42212229410807
0,214292774200439
0,286338545481364
1,81006434122721
0,946219546000163
0,125343812306722
-2,39823008219401
-1,08078486124674
-0,596475461324056
-2,89308876037598
-1,41507634480794
-0,969744440714518
-0,842194366455078
-1,036083984375
-0,973098119099935
-0,755293858846029
-0,794259389241537
-0,631557006835937
-0,363658777872721
-0,530451151529948
0,0251726277669271
-0,0820157877604167
0,770486424763997
1,88881667455037
2,37217351277669
1,02650698343913
1,29249003092448
3,46286956787109
0,507535050710042
-0,346728121439616
2,7098041788737
0,0941652870178223
-0,801894836425781
1,91403127034505
-0,012010326385498
-0,89314577738444
1,68862813313802
-0,0985811567306519
-0,761152064005534
1,44441569010417
-0,113999865849813
-0,53661865234375
1,16163586934408
0,00637335141499837
-0,761911506652832
0,583423589070638
-0,241243073145548
-1,03064119974772
0,367371203104655
-0,757532043457031
-1,17971038818359
0,50139040629069
-1,19280944824219
-1,21375605265299
0,572149505615234
-1,46340001424154
-1,02175890604655
0,591908988952637
-1,51091985066732
-0,787516810099284
0,638095842997233
-1,37052922566732
-0,594192047119141
0,623626569112142
0
0
0
0
0
0
0
0
0
1
