-0,0811274973551432
-0,870477549235026
-0,201253967285156
-0,0766096528371175
-0,77594980875651
-0,218691126505534
-0,107016414006551
-0,651517397562663
-0,279307492574056
-0,0601154891649882
-0,463153902689616
-0,335266412099202
0,0471366453170776
-0,252760855356852
-0,412948176066081
0,152199319203695
-0,0429122360547384
-0,552947336832682
0,115112431844076
0,090784486134847
-0,657897237141927
0,0236165459950765
0,110365169843038
-0,631095097859701
-0,0867266607284546
0,0281305352846781
-0,669352900187175
-0,0213005828857422
2,02467034022013
0,428747049967448
1,31301345825195
0,980211741129557
3,21767222086589
0,200008735656738
0,458899281819662
3,40387339274089
-0,451637827555338
0,722359924316406
2,23421941121419
0,0287844276428223
-0,60237356821696
0,459790852864583
0,27586597442627
-1,51103454589844
-2,40206227620443
-0,213447685241699
-2,27524322509766
-2,39923477172852
0,391131642659505
-1,97349451700846
-1,5307768758138
0,345313886006673
-1,63643580118815
-1,1268736521403
-0,272371101379395
2,33919052124023
-0,821183115641276
0,185133930842082
1,99149912516276
-0,570858866373698
0,872667407989502
1,42900970458984
2,48653691609701
1,80175875345866
1,48424662272135
2,25581217447917
1,5551158396403
-1,82084345499674
1,98707794189453
0,902072741190593
-2,37393147786458
2,44156585693359
-1,40267247517904
-1,72804555257161
1,19225405375163
-0,420512008666992
-2,28267008463542
0,358979110717773
-0,638567949930827
-1,64405690511068
0,0274228477478027
-2,18925306955973
-2,0277321879069
-1,24487294514974
-3,48953104654948
-3,200244140625
2,02390836079915
-2,35561141967773
-1,91613698323568
-0,532412948608399
-1,33433481852214
-1,39041160583496
-0,917767181396484
-0,952450256347656
-1,00035715738932
-0,928509165445964
-0,609032847086589
-0,593434511820475
-0,953486658732096
0
0
0
0
0
0
0
0
0
1
