-0,952450256347656
-1,00035715738932
-0,928509165445964
-0,609032847086589
-0,593434511820475
-0,948242670694987
-0,336141274770101
-0,265283966064453
-0,553580627441406
-0,169445304870605
-0,379318262736003
-0,515161590576172
-0,0151618655522664
-0,410709978739421
-0,501314214070638
0,186800708770752
-0,324181658426921
-0,626324869791667
0,186862255732218
-0,270448188781738
-0,68151725769043
0,193494202295939
-0,295630283355713
-0,781379419962565
0,464798138936361
-0,185804971059163
-0,986386464436849
0,229019037882487
-0,240506127675374
-1,722189356486
-0,388032086690267
-0,503552462259928
-1,96621597290039
-0,306998386383057
-0,610135841369629
-1,52404006958008
-0,144982662200928
-0,32273738861084
-0,992740885416667
0,872361068725586
-0,479505316416423
2,09888818105062
1,32452331542969
-1,21715975443522
3,87789947509766
-0,901862131754557
-1,43343185424805
2,30136993408203
0,103923009236654
-2,42015370686849
-0,728247985839844
0,286183268229167
-0,613624750773112
-4,65072448730469
-0,601054484049479
-0,284318974812825
-2,65897237141927
-0,361605192820231
-0,37505802154541
-1,74360239664714
-0,152988891601562
-0,276164805094401
-1,24563217163086
-0,1504030418396
0,122011419932048
-0,900422337849935
0,522921053568522
-0,363368771870931
0,991813723246257
-1,423798828125
3,12615234375
3,62339874267578
-0,156783040364583
1,12378863016764
3,58737223307292
0,306349258422852
0,367822265625
2,68149205525716
0,56536247253418
-0,48961680094401
1,71405497233073
0,205783189137777
-0,675764490763346
1,14868003845215
-0,0550995826721191
-0,737920303344727
-0,126028671264648
-2,51049830118815
-0,56162109375
-0,0182826232910156
-2,49471974690755
-0,780077870686849
1,53855204264323
-2,15527359008789
-0,520779978434245
1,51082499186198
-1,54147130330404
-0,380145899454753
1,3408016204834
0
0
0
0
0
0
0
0
0
1
