0,601568234761556
0,332329120635986
-0,0839559046427409
0,524564043680827
0,301542441050212
-0,0831588490804036
0,566017430623372
0,363570963541667
-0,130452397664388
0,814253616333008
0,528543014526367
-0,284133752187093
1,05221173604329
0,646545969645182
-0,461955172220866
1,02760696411133
0,491831245422363
-0,687449391682943
0,586606674194336
0,273184776306152
-0,657240333557129
0,306286888122559
0,315303916931152
-0,378695055643717
0,265876070658366
0,588424924214681
-0,0231955687204997
0,341211853027344
-0,655769729614258
2,27643648783366
0,414504241943359
-0,532664438883463
3,58156799316406
0,570207748413086
0,896863250732422
3,49155558268229
0,59530158996582
1,28469734191895
2,14883056640625
0,746132202148437
0,868101094563802
-0,250579477945964
-0,564517288208008
0,392333780924479
-3,18309631347656
-1,44108586629232
0,0450084686279297
-2,448134765625
-1,30871826171875
-2,08694127400716
-2,05446197509766
-1,10906092325846
-1,64884857177734
-1,68494171142578
-0,691549758911133
-1,32012293497721
-1,2107416788737
-0,00588284810384114
-0,855978876749675
1,13633888244629
3,09719095865885
1,00752950032552
2,26322235107422
2,3672466023763
0,821588033040365
5,03664194742839
1,53305023193359
2,90652079264323
3,02068415323893
1,00755249023438
1,5918137105306
1,32976387023926
0,622462259928385
1,27241269429525
0,912802912394206
0,166042076746623
0,885993423461914
0,636268081665039
-0,0800711599985759
0,326300468444824
0,414186070760091
-0,970735727945964
-0,500436983108521
0,247019068400065
-2,59999440511068
-1,42809234619141
2,28598836263021
-2,57160247802734
-0,975281550089518
1,59059331258138
-1,10266304016113
-0,455244140625
0,34535088857015
-0,331825841267904
-0,227423184712728
-0,200492121378581
-0,354002596537272
-0,165989367167155
-0,269877942403158
0
0
0
0
0
0
0
0
0
1
