0,626126899719238
-0,195694522857666
-0,57563585917155
0,726167348225911
-0,192481168111165
-0,51521188100179
0,641256217956543
-0,244685649871826
-0,508053563435872
0,498546422322591
-0,28813149134318
-0,588863766988119
0,48164560953776
-0,200305862426758
-0,699178975423177
0,44261723836263
-0,108480784098307
-0,839095611572266
0,321667747497559
-0,26278777440389
-0,975558344523112
0,0612482802073161
-0,605122502644857
-1,05204961140951
-0,0954062557220459
-0,684993794759115
-0,901289927164714
-0,00310903867085775
1,73814374923706
0,706382497151693
1,50072514851888
1,03247325897217
2,48278452555339
0,372535622914632
-1,10938340504964
2,4578303527832
-0,246200122833252
-1,29713002522786
1,25855791727702
-0,403918444315592
-1,32466979980469
-2,31583043416341
-1,52392196655273
-1,16639678955078
-2,24709431966146
-0,933790512084961
-0,56557243347168
-1,48401102701823
-0,311415100097656
2,3200661722819
0,0301634391148885
-0,691540120442708
1,66156463623047
1,26147062937419
0,168923988342285
1,93402735392253
1,64182851155599
0,586259333292643
1,80521774291992
1,51831319173177
0,335233573913574
-0,314198404947917
2,31951212565104
-0,59349661509196
-0,754307174682617
1,61265884399414
-0,495338236490885
-0,179476769765218
0,761995760599772
-1,49030762990316
-0,817887744903564
0,133849932352702
-3,37833801269531
-2,24006286621094
0,871741409301758
-2,69499338785807
-1,73971969604492
0,0625747521718343
-1,77918813069661
-1,1253209177653
-0,273330790201823
-0,974253590901693
-0,740391260782878
-0,443240394592285
-0,7914306640625
-0,508304634094238
-0,30807871500651
-0,709757181803385
-0,347192846934001
-0,133191464742025
-0,383438402811686
-0,163416290283203
-0,197876510620117
-0,0854259713490804
-0,0646546443303426
-0,268599472045898
0,0302302765846252
-0,0457890065511068
-0,274545790354411
-1
-1
-1
-1
-1
-1
-1
-1
-1
1