0,199374885559082
-0,0461603204409281
-0,315785338083903
0,310974661509196
0,014256028731664
-0,33025271097819
0,311301956176758
0,0241251202424367
-0,363913180033366
0,305000928243001
0,00737098892529806
-0,383453330993652
0,302067368825277
-0,0235838278134664
-0,428488960266113
0,163219451904297
-0,088098045984904
-0,588009707132975
0,0220728095372518
-0,189158210754395
-0,686196721394857
-0,0764555899302165
-0,286869684855143
-0,702491658528646
-0,205462595621745
-0,410026550292969
-0,725180130004883
-0,577276547749837
-1,71825879414876
-0,941749089558919
-0,776242319742839
-1,93381586710612
-0,963785985310872
-0,544912172953288
0,0764104715983073
-0,123605677286784
0,351688245137533
2,27138849894206
1,9890798441569
0,558500099182129
1,26740603129069
2,15526947021484
0,155526663462321
0,721281305948893
1,73787536621094
0,370690377553304
-0,363790232340495
0,573391927083333
0,300807851155599
-1,84101531982422
-2,08329917907715
-0,613298314412435
-1,48543039957682
-2,3243733215332
-0,550668958028158
-1,16831665039063
-1,79473058064779
-0,438738263448079
-0,832362442016601
-1,17865585327148
-0,335783532460531
-0,305120531717936
-0,792377395629883
-0,0384213129679362
0,478163321018219
0,459874013264974
0,0710536193847656
3,01074508666992
3,02562845865885
0,813075993855794
1,72327784220378
2,69214152018229
0,883779042561849
1,15811101277669
2,10869318644206
0,922199808756511
-1,2849782816569
2,26799468994141
-0,605259501139323
-1,81200169881185
1,05480529785156
-0,627992706298828
-1,57989532470703
0,877982686360677
-0,613588905334473
-1,24013753255208
0,387093963623047
-0,0335875384012858
-0,944894485473633
-2,17898045857747
-1,16646532694499
-1,0156494140625
-0,564480387369792
-2,16989893595378
-0,87290906270345
0,841786181131999
-1,42967404683431
-0,545334561665853
0,423361612955729
0
0
0
0
0
0
0
0
0
1
