-0,0669927708307902
0,0384473654255271
-0,150562572479248
0,0290370639165243
0,107307758331299
-0,223191858927409
0,0422191270192464
0,0897615051269531
-0,299160715738932
0,00419090867042542
0,0723335886001587
-0,250178031921387
0,0065223782757918
0,0372880180676778
-0,254413655598958
-0,00360375642776489
-0,0058435336748759
-0,392829170227051
-0,108121782938639
-0,0263145887851715
-0,407528533935547
-0,115147930781047
-0,181086146036784
-0,326694539388021
-0,16794075012207
0,148086268107096
-0,15844490369161
0,613317174911499
0,930695393880208
1,69883368492126
0,396155904134115
1,09185684204102
4,38383829752604
-2,70976654052734
-0,155634231567383
2,90316421508789
0,294500605265299
-0,817484436035156
0,36137201944987
1,83356063842773
-0,155319569905599
-3,35116129557292
-1,96099716186523
1,45966328938802
-3,69455383300781
-1,70759801228841
0,904595489501953
-1,22181045532227
-1,26212888081868
0,691484527587891
-0,936233622233073
-0,943461100260417
0,627118263244629
-0,737937138875325
-0,569824447631836
2,22997095743815
-0,761691640218099
0,894602330525716
1,50538592020671
0,617212982177734
0,088757578531901
0,828371836344401
3,05809651692708
1,46583368937174
1,3399755859375
3,70824829101563
1,30427108764648
1,33220413208008
3,08737609863281
0,345254109700521
0,160206400553385
2,81579233805339
-0,420650215148926
-1,61582768758138
0,92224235534668
-1,35045542399089
-1,14991002400716
-0,163719635009766
-1,48379084269206
-0,837093785603841
-0,396378733317057
-0,572740478515625
-0,665190658569336
-2,04710133870443
-1,03858055114746
-1,00197636922201
-1,47464111328125
-2,55484110514323
-0,81885555267334
-0,0348793125152588
-1,6890000406901
-0,22421257019043
-0,322342383066813
-1,18949666341146
-0,123032420476278
-0,329600931803385
-0,83756955464681
-0,0198345907529195
-0,227240384419759
0
0
0
0
0
0
0
0
0
1
