-0,156035073598226
-0,0186843609809875
-0,991028836568197
0,148070023854574
-0,0271545314788818
-1,39604990641276
0,138239294687907
0,00139347235361735
-1,32872477213542
0,27732390721639
0,159627173741659
-1,36847615559896
0,446244468688965
0,345972900390625
-1,51958958943685
0,304759413401286
0,360070686340332
-1,59014266967773
0,134229402542114
0,324474207560221
-1,45475911458333
-0,0073255189259847
0,379887847900391
-1,33394124348958
-0,148228731155396
0,527697003682454
-0,998030446370443
0,050646006266276
0,977792154947917
1,01712305704753
0,333054135640462
0,890710169474284
1,73302831013997
3,45577362060547
-2,29168947855631
3,41337025960286
1,61171885172526
-2,35413391113281
4,02217559814453
0,14828550974528
-1,5833566792806
1,53702845255534
2,90140828450521
0,853561401367188
-3,68651163736979
-2,36612014770508
1,5263942972819
-4,05758778889974
-1,25458285013835
0,294451751708984
-1,4658854675293
-0,936300659179688
0,411529871622721
-1,22473650614421
-0,620697746276855
0,30993657430013
-0,750276616414388
0,384517364501953
0,491483345031738
0,682430674235026
-1,19385864257813
1,14456184387207
3,21673004150391
-0,538867715199788
1,66193374633789
4,36374043782552
0,0777276706695557
0,281034189860026
2,07493021647135
0,569600728352865
-1,47895866711934
1,44400283813477
-0,862579879760742
-0,911151593526204
1,54517644246419
-0,604042358398437
-2,62788726806641
1,02189877827962
-0,774454447428385
-1,84706263224284
0,266609032948812
-0,568821589152018
-1,1880935160319
-0,868440780639648
-1,23192670186361
-1,65315053304036
-0,469198913574219
-3,43241022745768
-2,05000289916992
2,43997461954753
-2,10350128173828
-1,2656095123291
0,204315121968587
-1,0913186899821
-0,837081400553385
-0,0305078220367432
-0,563699467976888
-0,484886067708333
-0,0574808247884115
0
0
0
0
0
0
0
0
0
1
