-0,0992738882700602
0,0250544420878092
-0,413289629618327
-0,0671819416681925
0,0217554688453674
-0,410121332804362
-0,0975929419199626
-0,0375727645556132
-0,473001708984375
-0,100482896169027
-0,0374544556935628
-0,433725446065267
-0,0571192153294881
-0,0311728239059448
-0,452460110982259
-0,0571509472529093
-0,0683079051971436
-0,66270071665446
0,00711490154266357
0,0338650258382161
-0,834068832397461
0,216321760813395
0,156020310719808
-0,934519907633464
0,25516881942749
0,328086522420247
-1,19334335327148
0,251507504781087
0,294954363505046
-2,12315124511719
0,64832649230957
0,168867797851563
-2,5555500793457
-0,198958346048991
-0,643271077473958
-1,99140579223633
-0,177352689107259
-0,418767954508464
-1,26838391621908
0,154107672373454
1,13757962544759
3,30044148763021
-0,107384573618571
0,645439453125
4,10004069010417
-0,0229865328470866
0,230930658976237
2,87773798624674
0,253679587046305
-1,0782871500651
1,78443913777669
1,02077714284261
0,311633555094401
-1,63230448404948
-1,52978261311849
0,93257817586263
-3,542275390625
-1,32199602762858
-0,79858024597168
-2,28227915445964
-1,04041005452474
-0,697249323527018
-1,55456125895182
-0,738135121663412
-0,504608783721924
-0,966614481608073
0,727197806040446
1,92909367879232
1,4038520304362
1,80577997843424
0,90022471110026
3,17070149739583
1,60537033081055
-0,732365036010742
3,69800821940104
0,408820927937825
-1,94765380859375
2,19292526245117
0,198320846557617
-2,11805211385091
2,35171274820964
-0,892139409383138
-2,80393346150716
1,80352701822917
-0,535962168375651
-2,70407653808594
0,43458730061849
-0,442829984029134
0,0606304168701172
-2,19633951822917
-0,283624331156413
-0,12974967956543
-2,31310348510742
-1,17268783569336
-0,684806874593099
-1,03313017527262
-2,21340515136719
-0,591942914326986
0,170385411580404
0
0
0
0
0
0
0
0
0
1
