-0,268584518432617
-0,118753341039022
-0,602332928975423
-0,193721157709758
-0,0016972279548645
-0,654995676676432
0,0540281168619792
0,127101885477702
-0,754476216634115
0,299193789164225
0,445092468261719
-0,952600860595703
0,558197835286458
0,816183497111003
-1,10830457051595
0,422742754618327
0,701257870992025
-1,29249951680501
-0,0616128412882487
0,511001815795898
-1,11576985677083
-0,332221196492513
0,460114707946777
-0,956695988972982
-0,360440654754639
0,56869255065918
-0,542183202107747
0,337318178812663
-0,227780850728353
1,6218830426534
1,0733144124349
-0,612433802286784
3,75263102213542
-0,52840810139974
1,05860054016113
2,8790830485026
-1,00267481486003
1,67000681559245
2,08375086466471
-0,870782521565755
0,396475219726562
-1,88454945882161
-1,64307464599609
0,0914069620768229
-3,96148763020833
-1,65318562825521
-0,577724329630534
-1,11688519795736
-1,29961321512858
-0,307537053426107
-1,08048767089844
-0,868478355407715
0,65302640914917
-0,536229731241862
0,329470621744792
0,943100051879883
2,41939025878906
-0,647128397623698
1,44491556803385
4,01616434733073
2,45995076497396
-0,0474544270833333
3,0449619547526
1,49909006754557
-0,737173970540364
2,23036987304687
0,573562266031901
-3,1297987874349
3,54129760742187
-0,89579833984375
-4,15190450032552
1,47222475687663
-1,05362683614095
-2,39748413085937
0,301185938517253
-0,914818725585937
-1,74047561645508
-0,218452145258586
-0,724805704752604
-1,47309768676758
-0,720720621744792
-2,75064270019531
-1,47309768676758
0,881057001749675
-2,2607243347168
-1,36817718505859
1,07007926940918
-1,45219881693522
-1,17258753458659
0,823040542602539
-0,843016230265299
-0,867610066731771
0,532383651733399
-0,642813822428385
-0,637914390563965
0,408666407267253
-0,557502721150716
-0,465518747965495
0,290247573852539
0
0
0
0
0
0
0
0
0
1
