0,0129694732030233
-0,0595392886797587
-0,0698360824584961
0,0414002275466919
0,072060026327769
-0,129711758295695
0,0560167551040649
0,231399669647217
-0,168794663747152
0,0996968364715576
0,305807132720947
-0,18474089940389
0,115712741216024
0,339998416900635
-0,233799457550049
0,124124997456868
0,338212807973226
-0,351974232991536
0,0711738697687785
0,312666187286377
-0,323803927103678
-0,0136969614028931
0,348513628641764
-0,175494947433472
-0,160028635660807
0,379145126342773
0,000186065038045249
0,0609197362263997
1,0463449605306
1,48037869771322
0,691927534739177
0,685611623128255
3,42019032796224
0,844415588378906
0,615574900309245
3,82821899414063
-0,359688886006673
1,01337661743164
2,40505488077799
0,000550087292989095
1,19471066792806
-0,279088033040365
0,672510935465495
1,04378209431966
-4,2947216796875
-0,558716697692871
0,683068364461263
-2,66620819091797
-0,472574831644694
0,120307919184367
-1,94034764607747
-0,512505060831706
-0,283234392801921
-1,86181401570638
-0,298090356190999
-0,179871327082316
-1,54005889892578
-0,101349550882975
2,27921153704325
-0,170623270670573
2,49191172281901
1,60825068791707
3,3570805867513
1,20366195678711
0,0680189641316732
3,56939442952474
1,44662409464518
-1,48104309082031
1,59735997517904
1,27400802612305
-1,17880315144857
1,85880488077799
0,0686004130045573
-4,23310180664063
1,74958780924479
-1,36454869588216
-1,29039866129557
1,0447780863444
-1,12086273193359
-1,24039375305176
0,810031026204427
-0,254020932515462
-0,548454577128092
-2,51276362101237
-2,8788232421875
-1,75763646443685
0,662547403971354
-3,4999858601888
-1,58250363667806
0,298908551534017
-1,15065729777018
-0,27922160466512
-0,509876047770182
1,31809327443441
-0,112386286258698
-0,297092081705729
2,10312266031901
0,0319893312454224
-0,239933293660482
-1
-1
-1
-1
-1
-1
-1
-1
-1
1