0,141630322138468
-0,13712127049764
-0,324420776367188
0,17335454305013
-0,141254707972209
-0,357664464314779
0,204801947275798
-0,103189563751221
-0,284948438008626
0,198069279988607
-0,0197228980064392
-0,328700923919678
0,197220458984375
0,0890222183863322
-0,458487752278646
0,25912036895752
0,222381362915039
-0,659500694274902
0,385776163736979
0,397795715332031
-0,899381484985352
0,214347858428955
0,148606063524882
-0,873721059163411
-0,0787312857309977
0,124070518811544
-0,557184511820475
1,11977825959524
1,10494166056315
1,74063419342041
0,900663375854492
0,41729850769043
4,08540232340495
-2,22565424601237
0,344208380381266
3,22061386108398
-0,779576568603516
-0,205866559346517
0,292742055257162
-1,1100611114502
-0,958930536905925
-3,9945176188151
-1,72075281778971
-0,684934387207031
-2,61222513834635
-1,25326622009277
-0,530639266967773
-1,63838043212891
-0,723817749023438
0,879738674163818
-0,815304565429688
1,31877464294434
2,68445790608724
1,87242960611979
2,19864201863607
3,19126439412435
2,59145975748698
2,20098759969076
3,68999633789063
1,1881147257487
1,06838712056478
0,486446889241536
1,21825401306152
-0,86252919514974
0,0918826293945312
2,51601374308268
-1,58004257202148
-0,283105837504069
2,10016428629557
-1,16403086344401
-0,253633321126302
1,7760009765625
-0,871453348795573
0,0192347017923991
1,19252309163411
-2,6386323038737
-0,832597452799479
1,9429160563151
-4,41397684733073
-0,925997797648112
2,27854359944661
-1,89664566040039
-0,19136962890625
-0,222303568522135
-0,959285176595052
0,00617613196372986
-0,420434303283691
-0,677777277628581
0,12801279703776
-0,466767183939616
-0,821573257446289
0,0441450087229411
-0,351639086405436
-1,92964251200358
-0,628043677012126
-1,08225758870443
-2,23476837158203
-0,782363840738932
-1,4464350382487
0
0
0
0
0
0
0
0
0
1
