0,0212591441472371
0,343808530171712
-0,386354319254557
0,00996733903884888
0,315390383402507
-0,350806694030762
-0,0251721427838008
0,270488122304281
-0,294113693237305
-0,08474534034729
0,214484996795654
-0,232646376291911
-0,0866308975219727
0,203463363647461
-0,205699310302734
-0,0961346435546875
0,181998430887858
-0,229350681304932
-0,161270910898844
0,14543430964152
-0,227244669596354
-0,264264195760091
0,141109415690104
-0,237691078186035
-0,267575505574544
0,280893745422363
-0,119756952921549
0,624093411763509
0,348427734375
1,98001574198405
0,92230458577474
0,217615928649902
3,92951446533203
-0,54609369913737
-0,256332092285156
2,27409118652344
-0,300176283518473
-0,190593242645264
1,7366899617513
0,46627197265625
-0,401970596313477
-3,43304656982422
-0,564657135009766
-0,452393061319987
-2,53038421630859
-0,568938331604004
-0,840422744750977
-0,948205744425456
-0,433009643554688
-0,630501887003581
-0,871892623901367
-0,358956146240234
-0,314498354593913
-0,628361155192057
-0,192767966588338
0,011761687596639
-0,310277767181396
0,183069426218669
-0,0618896484375
2,95192626953125
0,858406626383464
-0,696990051269531
3,63966949462891
2,23468271891276
-0,319733123779297
2,33305745442708
0,246624704996745
-0,266958592732747
2,84496729532878
-1,84080678304036
-1,09395866394043
0,668372662862142
-1,47341222127279
-0,791829096476237
0,581585947672526
-1,14031562805176
-0,515312843322754
0,445059464772542
-0,985285898844401
-0,866344579060872
-2,03315892537435
-1,89529749552409
-0,765206553141276
-0,5661376953125
-1,75769124348958
-0,713203506469727
-0,368450597127279
-1,22324160257975
-0,644841588338216
-0,40527842203776
-1,05422167460124
-0,538715972900391
-0,286349589029948
-0,965241165161133
-0,483782285054525
-0,159372727076213
-0,716485226949056
-0,410404154459635
-0,176701256434123
0
0
0
0
0
0
0
0
0
1
