-0,0686484448115031
-0,368248494466146
-0,491671651204427
0,0924050839742025
-0,276877104441325
-0,601009661356608
0,225434233347575
-0,104264027277629
-0,677164357503255
0,202578735351562
0,0814827728271484
-0,71213264465332
0,162708218892415
0,28306760152181
-0,790299911499023
0,224790859222412
0,362085545857747
-0,956505330403646
0,102063722610474
0,0908380317687988
-1,11583422342936
-0,0536483573913574
0,036662441889445
-1,08390881856283
0,026249639193217
0,338336715698242
-0,66285285949707
0,387268244425456
0,520456263224284
1,53322412490845
0,568558985392253
0,717480010986328
3,93476745605469
-0,522018788655599
-0,0864679209391276
1,92942700703939
0,535265096028646
-0,357171185811361
-1,78214396158854
0,25401621500651
-0,0587525749206543
-4,2476816813151
-0,714333686828613
-0,883260370890299
-1,6954089864095
-0,364862162272135
-0,839503885904948
-1,27395202636719
-0,240622717539469
-0,409360160827637
-0,691462071736654
0,423526382446289
0,618145167032878
3,33158192952474
-0,266237926483154
1,26069814046224
2,06953531901042
-0,0817336225509643
1,0611610921224
1,40092549641927
0,11195556640625
0,5445978418986
0,92542226155599
0,109310646057129
0,151352229118347
1,13201843261719
-0,137203478813171
-0,148496909141541
1,24357711791992
-0,13378376642863
-0,860772755940755
-1,2312505086263
-2,42651184082031
-1,475263671875
-0,749067687988281
-2,81985961914062
-1,87169520060221
1,01059616088867
-1,97249435424805
-1,56261133829753
0,180459960301717
-1,33656786600749
-1,26579172770182
0,0874240525563558
-0,729647521972656
-0,90032236735026
0,0642685890197754
-0,486206665039062
-0,667622311909994
0,0621383619308472
-0,473757502237956
-0,541250203450521
0,0816371822357178
-0,42145512898763
-0,411237449645996
0,0684225018819173
-0,274304955800374
-0,247176685333252
0,0419070847829183
0
0
0
0
0
0
0
0
0
1
