0,183435039520264
0,0217089478174845
-0,0822907861073812
0,205237630208333
0,0682148853937785
-0,10913685798645
0,127378953297933
0,0359245753288269
-0,173357439041138
0,029501043955485
-0,00221765160560608
-0,223190905253092
0,0574005095163981
0,00243969877560933
-0,260748252868652
0,131699765523275
-0,0018527474006017
-0,331771074930827
0,11589984258016
-0,0348637028535207
-0,446019439697266
0,00908535480499268
-0,0445309782028198
-0,51378547668457
-0,0687524795532227
-0,0253555393218994
-0,709262936909994
-0,149803574879964
-0,648007663091024
-2,05510225931803
-0,472177874247233
0,255523910522461
-2,47506261189779
-0,422100118001302
0,74127939860026
-2,07073003133138
-0,272394256591797
0,849322865804036
-0,272050526936849
0,206381594340007
0,952064666748047
2,64585133870443
1,8207137298584
1,19971786499023
3,26290730794271
1,02933519999186
-2,03532979329427
3,85677571614583
0,678844807942708
-1,52306732177734
-0,314453582763672
2,21663223266602
-0,972762908935547
-6,06463114420573
-0,818621063232422
0,843224309285482
-3,94636657714844
-0,999916330973307
0,817487665812174
-2,05366271972656
-0,710373001098633
0,784288508097331
-1,37525220235189
1,44645425160726
0,810166168212891
3,4003651936849
-2,54602162679036
-0,650035400390625
4,38120849609375
-0,968547019958496
1,59271341959635
2,62158569335937
-0,124394652048747
0,893291854858398
2,06270100911458
-0,154113006591797
-0,306643880208333
1,89598510742187
0,226834716796875
-2,11155151367187
0,905088450113932
-0,574691174825033
-2,47760609944661
0,895032602945964
-0,0266706848144532
-1,33626459757487
-1,55439613342285
-0,550682017008464
-0,70798703511556
-2,42530263264974
-3,04299352010091
-1,11769747416178
0,888633861541748
-3,40937957763672
-1,44652547200521
0,185079336166382
-2,02743479410807
-1,23491770426432
-0,0579669952392578
-1
-1
-1
-1
-1
-1
-1
-1
-1
1