-0,17745540301005
0,306468664805094
-0,387937431335449
-0,05920081615448
0,411339022318522
-0,440169919331868
0,100469698905945
0,504231605529785
-0,487484029134115
0,30472708384196
0,532525482177734
-0,478067092895508
0,300055052439372
0,512898419698079
-0,488036117553711
0,0801863813400269
0,473687299092611
-0,402692095438639
-0,0423122040430705
0,351325709025065
-0,468620414733887
-0,0531767956415812
0,0616877150535584
-0,468547007242839
0,0113470188776652
-0,00598311185836792
-0,402464955647786
0,325521545410156
-0,152661039829254
2,04610104242961
0,734719848632812
0,143751055399577
3,56101491292318
1,46848154703776
1,86675837198893
2,19599533081055
1,16291770935059
0,831543528238932
0,406550750732422
1,83105211893717
0,948355356852214
-5,1737744140625
-0,175763905843099
0,226098403930664
-2,97264638264974
-0,390371907552083
-0,597293815612793
-0,71451286315918
-0,260496648152669
-0,202568232218424
-0,350093955993652
1,00644510904948
-0,26259267171224
2,13872215270996
0,209692077636719
-0,815161259969076
3,94504231770833
-2,11600168863932
-0,579787712097168
1,98725036621094
-1,43618301391602
-0,136400440533956
1,68184305826823
-0,275167973836263
-0,614774270057678
1,18502649943034
-0,29820972442627
-1,6669770304362
2,16601755777995
-1,74011302947998
-2,33825627644857
1,50024264017741
-1,21166358947754
-2,08628163655599
-1,8746475982666
-1,96141276041667
-0,601915791829427
-1,99639630635579
-2,47040028889974
-1,60880696614583
-0,451835734049479
-2,10764205932617
-1,19059638977051
-1,02490659077962
-1,82301483154297
-1,15149742126465
-0,747407786051432
-1,45170761108398
-0,980309982299805
-0,469191525777181
-0,968498764038086
-0,709704678853353
-0,339660638173421
-0,639239349365234
-0,419464480082194
-0,293988869984945
-0,481795692443848
-0,286610844930013
-0,279726638793945
-1
-1
-1
-1
-1
-1
-1
-1
-1
1