0,0776401710510254
0,223575960795085
-0,127218494415283
0,0942075284322103
0,231907558441162
-0,127528216044108
0,132192799250285
0,269371776580811
-0,0984865220387777
0,167123699188232
0,322713241577148
-0,12877251625061
0,0900558217366536
0,339139188130697
-0,12065055847168
0,0388429832458496
0,276389350891113
-0,210968662897746
0,00940447409947713
0,104104922612508
-0,397249285380046
0,0101708078384399
-0,026950322786967
-0,466247863769531
0,132987778981527
0,178676875432332
-0,340565923055013
2,20488178253174
-0,028979377746582
2,07005486170451
2,1546745300293
-1,51301340738932
4,34628204345703
0,0869525146484375
-2,07288431803385
2,18734624226888
0,838406117757161
-1,51874908447266
-2,41457941055298
0,664545186360677
2,17586766560872
-5,33692545572917
-0,453819523652395
1,083623046875
-2,37495930989583
0,10150991042455
0,637720985412598
-1,60544504801432
-0,0941433461507161
1,03978775024414
-0,552170562744141
0,483864568074544
0,605243072509766
2,90847661336263
1,00609992980957
-1,33108678181966
3,59580261230469
-0,0775862598419189
-0,423233076731364
2,39641235351563
0,171676286061605
-0,264245853424072
2,06312932332357
0,331943715413412
-1,69684712727865
2,32451166788737
-0,248135668436686
-2,30904912312826
2,02920674641927
-0,321952781677246
-1,86938705444336
1,4281211344401
0,499350293477376
-0,230748850504557
-1,69827059427897
-1,42929962158203
-0,632474543253581
-2,11686131795247
-1,98460225423177
-0,871633453369141
-0,814712893168132
-1,86878728230794
-1,03874516805013
-0,201751076380412
-1,74243474324544
-1,15614153544108
0,0461447207132975
-1,76295639038086
-1,12874890645345
0,0689158233006795
-1,50893030802409
-0,940722096761068
-0,0537987502415975
-1,05181854248047
-0,679059562683106
-0,210359083811442
-0,779295934041341
-0,499608790079753
-0,309195117950439
-1
-1
-1
-1
-1
-1
-1
-1
-1
1