0,566809908548991
-0,23568234761556
-0,716190465291341
0,633077278137207
-0,134985313415527
-0,806935831705729
0,534761823018392
-0,107513650258382
-0,734793167114258
0,374026171366374
0,0184100532531738
-0,701080830891927
0,428068567911784
0,197026144663493
-0,738579126993815
0,655243263244629
0,408398882548014
-0,951257502237956
0,376926244099935
0,519218050638835
-1,17092793782552
0,139216531117757
0,589079043070475
-1,22293134053548
0,0712188466389974
0,605379231770833
-1,23516578674316
-0,0846453905105591
2,11721829732259
0,685962473551432
0,29957758585612
2,1688508605957
2,82821314493815
0,966625722249349
1,38502421061198
2,94159830729167
-0,262333577473958
0,00357513427734372
2,90506184895833
-0,1806747118632
-0,745057932535807
-0,204424794514974
0,183778127034505
0,450925496419271
-4,61776672363281
-1,70576451619466
1,61395334879557
-2,86958145141602
-1,46303914388021
1,22328887939453
-1,79630915323893
-0,968696060180664
0,910081787109375
-1,2909787495931
-0,286024551391602
0,8770458984375
-0,270576960245768
0,811512171427409
-0,944245808919271
3,00187403361003
-0,361547241210938
1,14118766784668
2,93445709228516
1,96022923787435
0,640460332234701
1,50599182128906
1,67287195841471
0,371212870279948
1,3715153503418
0,359739837646484
-0,168071778615316
1,95493209838867
-1,91840108235677
-0,347692076365153
2,25220682779948
-1,71020482381185
-0,486774190266927
1,85264785766602
-1,07703745524089
-1,20888254801432
-1,67345367431641
-2,23136962890625
-1,28280309041341
-1,00799542744954
-3,56765421549479
-2,44292510986328
1,09667747497559
-2,66912333170573
-1,41923566182454
0,0634385172526042
-0,931088562011719
-0,963029429117839
-0,120979487101237
-0,291457990010579
-0,643318837483724
-0,238522001902262
-0,395739682515462
-0,50927193959554
-0,0783950583140055
-1
-1
-1
-1
-1
-1
-1
-1
-1
1