0,386705551147461
0,566144358317057
0,117384866078695
0,301796894073486
0,535111211140951
0,14283974647522
0,0811222251256307
0,495830802917481
0,177318000793457
-0,0767450269063314
0,511741663614909
0,277104396820068
-0,100689776738485
0,492363217671712
0,260890108744303
-0,0859863328933716
0,602993253072103
0,090263671875
-0,045911545753479
0,872819595336914
-0,148867791493734
-0,150924196243286
0,848476079305013
-0,383382670084635
-0,286612688700358
0,83000737508138
-0,243847119013468
0,365114943186442
-0,285405578613281
1,21578363736471
0,619150695800781
-0,925166295369466
2,2352490234375
0,0679420057932536
-1,1250053914388
2,42691482543945
0,0893434429168701
-0,948883005777995
1,94074223836263
0,300543073018392
1,06135492960612
-3,48301818847656
-0,209687512715658
1,01593129475911
-2,82768300374349
0,565758997599284
1,48979359944661
-1,8640603129069
0,976328709920247
0,475962677001953
-1,18476188659668
0,707062581380208
-0,611130587259928
2,22831837972005
1,54066802978516
-1,027021484375
2,84031600952148
1,21922960917155
1,57246266682943
2,44872792561849
0,92393564860026
0,034691645304362
2,70853881835938
0,202685438791911
0,368530718485514
2,36305109659831
0,281675415039063
0,0576196066538493
1,87126007080078
0,135691305796305
-0,412413635253906
1,47877522786458
-0,272815049489339
-0,909749692281087
0,237648264567057
-2,92464630126953
-2,05005798339844
0,750375722249349
-4,57048848470052
-2,05060531616211
1,67096104939779
-2,77615971883138
-0,914316864013672
0,496813468933105
-1,10176801045736
-0,270712782541911
0,230091565450033
-0,266999912261963
0,0025443442662557
0,0151405016581217
0,0291090766588847
0,124112962086995
-0,212503242492676
-0,131834462483724
0,0426159445444743
-0,119309163093567
-0,329089609781901
-0,128385066986084
0,0445846637090047
0
0
0
0
0
0
0
0
0
1
