-0,645215695699056
-0,592330373128255
-0,0276565607388814
-0,480400555928548
-0,303227577209473
-0,0822912645339966
-0,398840967814128
0,0188489627838135
-0,17303783416748
-0,398099759419759
0,248355566660563
-0,0556383832295736
-0,228891633351644
0,232170168558756
0,00446255127588908
-0,00520867347717285
0,310920734405518
-0,16547061920166
0,0612951056162516
0,315065135955811
-0,393890177408854
-0,121363234519958
0,296964276631673
-0,445041465759277
-0,19659854888916
0,118993542989095
-0,477193717956543
-0,217353801727295
1,64653409322103
-0,178148501714071
0,772731501261393
2,27288721720378
1,90637761433919
1,08259071350098
-0,121697540283203
3,04442225138346
0,196753107706706
-0,458548227945963
2,7098090616862
0,838901596069336
-2,6169797261556
1,25511609395345
0,575080909729004
-3,14761678059896
-2,35399042765299
-0,00617091178894043
-1,03687664031982
-3,06776275634766
0,0471027636528015
-0,0698857593536377
-1,92460489908854
0,0132348318894704
-0,0159659671783447
-1,62514658610026
0,0310746637980143
0,0696865940093994
-1,15698483784994
0,611438932418823
0,262804101308187
0,0851009368896485
1,64548065185547
-0,654764404296875
3,17837860107422
0,616261787414551
0,670520629882812
2,76246602376302
0,727146911621094
1,46147623697917
3,12795043945312
1,24251691182454
1,20181716918945
1,78110056559245
0,990350392659505
0,555292599995931
1,54773391723633
0,026113748550415
-1,75689498901367
0,940389862060547
-0,327698764801025
-1,57528742472331
0,67145814259847
-0,234032808939616
-1,39503672281901
0,0523163286844889
-2,99337860107422
-0,450096232096354
0,626102085113525
-2,29282409667969
-0,892320709228516
0,538058369954427
-1,66780029296875
-0,81465092976888
0,188565168380737
-1,1155322265625
-0,723385340372721
0,12445637067159
-0,546634407043457
-0,661231702168783
0,100955298741659
-1
-1
-1
-1
-1
-1
-1
-1
-1
1