0,044304940700531
0,238269208272298
-0,576040827433268
0,00431642691294352
0,323510754903158
-0,578846244812012
-0,0689047845204671
0,385939343770345
-0,585401827494303
-0,0701871331532796
0,458978538513184
-0,688235066731771
0,0970318031311035
0,491371281941732
-0,831276143391927
-0,0633423900604248
0,434620984395345
-0,817478637695312
-0,313906618754069
0,386353607177734
-0,756312510172526
-0,46484375
0,664650230407715
-0,746322224934896
-0,378998667399089
1,01404314676921
-0,384459673563639
0,508620389302572
0,558962580362956
2,21731280008952
0,246641642252604
0,753112614949544
3,83656422932943
-0,181114912033081
1,80146672566732
2,01189539591471
0,0908183034261068
1,17435287475586
1,34793543497721
0,657059758504232
-0,115477253595988
-2,82416463216146
-0,571536229451497
-0,225490226745605
-1,39335662841797
-0,496532198588053
-0,211505209604899
-1,31860893249512
-0,469136797587077
-0,151849772135417
-1,04143653869629
-0,387392578125
0,0233350626627604
-0,797826436360677
-0,237503534952799
0,250256487528483
-0,526737543741862
0,583805071512858
0,860776735941569
1,86273496627808
1,3217887878418
1,23281646728516
3,7124614461263
1,99963292439779
-0,239695014953613
3,75192850748698
0,918884073893229
-0,934469286600749
3,40550048828125
-1,31210105895996
-0,774076690673828
2,04197306315104
-1,19432525634766
-0,996647491455078
1,62834533691406
-1,1224095916748
-0,87426887512207
1,16899258931478
-0,356526145935059
-0,553925819396973
-0,362207641601563
0,421032447814941
-0,340805308024089
-2,14568959554036
-0,015488395690918
-0,426942927042643
-1,57380025227865
-0,326334177652995
-0,589641393025716
-1,10323081970215
-0,417890764872233
-0,63330815633138
-0,828186340332031
-0,416437848409017
-0,544759216308594
-0,592061436971029
-0,338059037526449
-0,413078422546387
-0,460564460754395
-1
-1
-1
-1
-1
-1
-1
-1
-1
1