-0,749732513427734
-2,04450551350911
1,07921717325846
-0,596964263916016
-1,77845438639323
0,448826592763265
0,261831671396891
0,682350769042969
-0,518703638712565
0,434267171223958
0,989577509562174
-0,684386596679687
0,521506055196126
0,983421885172526
-0,721583862304687
0,448796882629394
0,902901357014974
-0,742096786499023
0,375727920532227
0,80671875
-0,724933598836263
0,438241628011068
0,848013534545898
-0,803009211222331
0,686566658020019
1,05570477803548
-1,0666126759847
0,786937204996745
0,224223302205404
-2,20879803975423
-1,17004821777344
-0,425613517761231
-0,518215827941895
-1,26453244527181
-0,698763122558594
-0,421222063700358
-0,835172678629557
-0,373296534220378
-0,326338195800781
-0,000703773498535158
0,260184930165609
0,553842884699504
0,822346700032552
0,577406838734945
2,74572692871094
0,339391002655029
-1,5320491027832
2,23971054077148
0,584191385904948
-1,44720611572266
0,213971354166667
0,410990905761719
-0,230703430175781
-3,719306640625
-0,874081319173177
-0,916987380981445
-1,38708165486654
-0,657923787434896
-0,675341669718424
-1,09920102437337
-0,365958792368571
-0,21988346417745
-0,738533782958984
-0,128480415344238
2,16447149594625
-0,0146649678548177
1,01433868408203
0,34411855061849
2,83335652669271
0,162099126180013
2,66169026692708
3,01117329915365
1,17368242899577
1,34488693237305
2,25901514689128
1,23591827392578
1,1975927734375
2,12324549357096
-0,561350809733073
-3,06355092366536
2,46880116780599
-0,98910888671875
-2,26684753417969
1,14607701619466
-1,1083283996582
-1,36223861694336
0,603270327250163
-1,86915588378906
0,0798220380147298
-0,0197361103693644
-1,29981257120768
0,199184843699137
-0,39987902323405
-2,23625071207682
-1,34842876434326
1,53568206787109
-2,73392690022786
-1,88730982462565
0,608513145446777
-1
-1
-1
-1
-1
-1
-1
-1
-1
1