-0,0505611101786296
0,187917633056641
-0,438070017496745
-0,0467402648925781
0,212716744740804
-0,51689577738444
-0,0328053077061971
0,274116115570068
-0,617546831766764
0,0363963905970256
0,392437540690104
-0,738301213582357
0,170789009730021
0,558878211975098
-0,940911153157552
0,356884117126465
0,688063608805339
-1,20224459330241
0,0815398279825846
0,379925371805827
-1,35237294514974
-0,23973705291748
0,19907039642334
-1,26864517211914
-0,372364959716797
0,387936318715413
-0,982986068725586
-0,0161420059204102
1,89339050292969
0,77489501953125
-0,052990976969401
-0,100593668619792
2,87128178914388
0,760757840474447
-2,11035120646159
3,33881439208984
0,906496734619141
-2,19058069864909
3,49231170654297
0,897286097208659
-2,25140797932943
1,73477610270182
1,20225463867188
-1,39461418151855
-1,87019282023112
0,648323135375977
2,23735626220703
-4,58865071614583
-1,47979426066081
0,777898200352987
-2,88635386149089
-1,05241167704264
0,0451370398203532
-1,85719380696615
-0,703808987935384
0,126707782745361
-1,33583183288574
-0,419083843231201
0,33875571568807
-0,764442189534505
1,19837902069092
-0,434379920959473
1,68724889119466
0,994955088297526
-0,701601003011068
2,78140299479167
0,923446222941081
1,05496653238932
2,43125147501628
0,0922935104370117
1,66527979532878
1,49043225606283
0,247087154388428
1,35017222086589
0,972197011311849
0,13900318145752
1,40945180257161
0,999082234700521
-0,196186478932699
1,0889448038737
0,808480275472005
-0,352647285461426
0,52748530069987
0,619974466959635
-0,389149551391602
0,206967016855876
0,517654889424642
-0,269293556213379
0,276855271657308
-0,0568325106302897
-0,491936403910319
0,294244874318441
-0,361736907958984
-0,859811884562174
0,0133102035522461
-0,064825922648112
-1,04676394144694
-0,281904157002767
0,205583372116089
0
0
0
0
0
0
0
0
0
1
