-0,0601489702860514
0,0898713207244873
-0,455475959777832
0,00228077491124471
0,224365984598796
-0,480522193908691
0,108811232248942
0,337318840026855
-0,556088790893555
0,175016269683838
0,398325220743815
-0,580515060424805
0,0461920340855916
0,432989044189453
-0,569943962097168
-0,145921208063761
0,397892367045085
-0,458528073628744
-0,31572447458903
0,474963747660319
-0,414744669596354
-0,378900973002116
0,82315668741862
-0,371739451090495
-0,321753845214844
0,922000045776367
-0,019325745900472
0,105154406229655
-0,156309038798014
1,90475611368815
0,984049835205078
-0,603629264831543
2,82720916748047
1,38909759521484
0,281744270324707
2,85180541992188
1,60928304036458
0,767616678873698
2,22192942301432
1,32632853190104
0,640248158772787
1,65099477132161
0,826956837972005
0,732607777913411
-1,78905169169108
-0,901379470825195
1,01693941752116
-3,69548868815104
-1,05236946105957
0,0106956132253011
-1,64309331258138
-0,936397933959961
-0,169725252787272
-1,47333821614583
-0,721027196248372
-0,152265615463257
-1,1785329691569
-0,492010078430176
-0,0494061613082886
-0,866971181233724
-0,324691168467204
0,0130046463012695
-0,678404426574707
0,722955497105916
0,217732898394267
0,560585072835286
1,88606781005859
1,00192148844401
2,56304036458333
1,55011057535807
1,1524348449707
2,58860331217448
1,7634228515625
0,777660064697266
2,99220489501953
0,7153076171875
1,25599919637044
2,50808736165365
0,494808019002279
1,39256098429362
1,95399251302083
0,0413177569707235
1,21123878479004
1,57911626180013
-0,0938991498947144
0,901075795491536
1,15285827636719
-0,296478516260783
0,37079444249471
1,0463330078125
-0,317000751495361
0,034550142288208
0,715838623046875
-0,0446662696202596
0,217393684387207
0,0725307210286458
-0,370113639831543
0,139139108657837
-0,0960356553395589
-1
-1
-1
-1
-1
-1
-1
-1
-1
1