-0,0725251483917236
0,805720494588216
-0,137040764490763
-0,085617405573527
0,858312505086263
-0,0314714630444845
-0,0801363595326742
0,821632792154948
0,0253459656238556
-0,0377602386474609
0,796680704752604
0,0188941903909047
0,0773027896881103
0,753273366292318
-0,0604386365413666
0,257394987742106
0,71213493347168
-0,264190610249837
0,428710734049479
0,711487782796224
-0,492234128316243
0,406835695902507
0,576455459594727
-0,635088361104329
0,108955316543579
0,361624387105306
-0,657278366088867
-0,117762597401937
2,03385782877604
0,417461280822754
0,152495969136556
1,83686353047689
2,30399373372396
0,292186470031738
-0,398529434204102
3,51319630940755
1,55692918141683
-1,01912907918294
3,67514414469401
0,0504951858520508
-2,2031147257487
1,76996238708496
0,261343835194906
-1,32710566202799
-0,55304292678833
-0,0357202212015788
0,990441080729167
-3,92785786946615
-0,836956939697266
0,393687445322673
-2,14634958902995
-0,780448252360026
0,309545141855876
-1,84979136149089
-0,613291969299317
0,37460033416748
-1,56525131225586
-0,427273152669271
0,423498051961263
-1,03322168986003
-0,321450169881185
0,457866287231445
-0,76297861735026
2,72871378580729
-1,1725526936849
2,14902069091797
1,85972513834635
-2,41694274902344
3,40910654703776
-0,0529421742757161
0,980560455322266
2,66621429443359
-0,496454366048177
2,00427831013997
1,05799313863118
-0,325769551595052
1,96026336669922
0,910579528808594
-0,443954938252767
1,56982386271159
0,793450622558594
-0,479061851501465
1,00689427693685
0,734802449544271
-0,561954790751139
0,319478651682536
0,714823659261068
-0,358129005432129
0,0588573519388835
0,259894466400147
-1,84070959726969
-0,938431611061096
0,0617466417948405
-2,36801681518555
-1,48820322672526
0,20157465616862
-1,87886367797852
-1,222048924764
0,122339482307434
-1
-1
-1
-1
-1
-1
-1
-1
-1
1