0,0408236145973206
0,140062999725342
-0,69796023050944
0,0935664621988932
0,195946763356527
-0,768941218058268
0,162361027399699
0,200923811594645
-0,757332967122396
0,175596917470296
0,192470328013102
-0,811532948811849
0,23908203125
0,261365795135498
-0,93599983215332
0,417682075500488
0,399521293640137
-1,08661511739095
0,564502156575521
0,551210009256999
-1,27843221028646
0,207156219482422
0,60199333190918
-1,35737543741862
-0,072086656888326
0,847715021769206
-1,04951319376628
-0,28194322903951
2,27974446614583
0,650461730957031
0,393188883463542
2,34753779093424
2,6020610555013
0,613164850870768
-0,780711771647135
3,3531879679362
0,549210739135742
-2,49438898722331
3,76896006266276
1,44133532206217
-3,47687967936198
2,87697565714518
0,453343645731608
-2,92138519287109
1,46107231140137
0,895930379231771
-1,59458615620931
-1,80580449422201
0,324320882161458
0,760892486572266
-3,44185485839844
-0,792994766235351
0,63393809000651
-3,0424213663737
-1,65537831624349
1,1417315419515
-1,9847639465332
-1,4129731241862
1,19896593729655
-1,79220011393229
-1,03797073364258
1,08770795186361
-1,37704694112142
-0,760213088989258
0,929919102986654
-0,914419352213542
0,691154340108236
0,593030789693197
0,759167938232422
2,11918869018555
-0,0436368179321289
3,01154256184896
1,71156061808268
0,583256238301595
2,61001973470052
1,74696701049805
0,842048365275065
2,42597534179688
1,75948165893555
1,07735493977865
2,32580963134766
1,50181615193685
1,13038050333659
1,98845774332682
0,80728032430013
1,02521764119466
1,59268071492513
0,216193141937256
0,787716979980469
1,36693300882975
-0,135816043217977
0,47837584177653
0,990428771972656
-0,254754492441813
-0,0205660883585612
0,773622131347656
-0,276117928822835
-0,326423924763997
0,54311154683431
0
0
0
0
0
0
0
0
0
1
