-0,418614985148112
-0,181599359512329
0,576618970235189
-0,223496669133504
-0,169252999623617
0,0961148071289063
-0,0368568547566732
0,100296292702357
-0,194678351084391
0,194268220265706
0,303275235493978
-0,0848969237009684
0,258170274098714
0,312247435251872
-0,147903992335002
0,384433822631836
0,340597356160482
-0,26773868560791
0,404806022644043
0,284838333129883
-0,399925066630046
0,176773074467977
0,255220108032227
-0,49007511138916
0,0732446511586507
0,360382690429687
-0,472623023986816
0,0305153179168701
2,18037932078044
-0,463821461995443
-0,0525519021352132
3,20712870279948
-0,223874206542969
0,203213914235433
1,67002573649089
1,27616877237956
0,372314707438151
-0,170027033487956
2,30316365559896
0,487857081095378
-1,60230600992839
2,87901977539063
0,726383692423503
-1,8849696858724
2,58044403076172
0,362683137257894
-2,04973185221354
0,638627344767253
0,318164850870768
-2,11587158203125
-2,13936686197917
-0,00702499389648437
0,186741561889648
-4,04642862955729
-0,613471412658691
0,575752436319987
-1,65339370727539
-0,425778999328613
0,682894592285156
-1,37821736653646
-0,256255601247152
0,741686706542969
-1,02481923421224
-0,136691048940023
0,778505986531576
-0,608357543945313
0,543948008219401
-0,173079528808594
3,7523573811849
1,21234970092773
-1,94251149495443
3,53569152832031
0,631278762817383
-0,435247497558594
2,92681605021159
0,218211797078451
1,00542269388835
1,53605763753255
0,215101016362508
1,26257667541504
1,43547383626302
-0,0613322925567627
1,10115219116211
1,47251007080078
-0,107886837323507
0,326882483164469
1,32320149739583
-0,188013857205709
-0,170399964650472
1,34651214599609
-0,346743583679199
-0,619129435221354
1,1384274037679
-0,0029684861501058
-0,596830355326335
0,586295833587646
-0,126340626080831
-0,573322970072428
0,0965379397074381
-1
-1
-1
-1
-1
-1
-1
-1
-1
1