0,140218954086304
0,403535626729329
-0,430014928181966
0,213637320200602
0,410186386108398
-0,522844632466634
0,249466616312663
0,309158458709717
-0,594818102518717
0,310114294687907
0,245992253621419
-0,594539629618327
0,406193923950195
0,375938453674316
-0,720438130696615
0,197014656066895
0,480866495768229
-0,821847152709961
-0,0103384017944336
0,460653038024902
-0,74788579305013
-0,11563086827596
0,540203755696615
-0,733964385986328
-0,185739974975586
0,817218322753906
-0,820195058186849
-0,457388331095378
1,95092811584473
-0,134396502176921
-0,193615188598633
1,99307749430339
1,37261047363281
-0,208429972330729
1,56777720133464
1,39405197143555
0,662494913736979
-1,43358978271484
3,06024592081706
2,27139394124349
-1,59140342712402
3,68692504882812
1,65904739379883
-1,43463686625163
2,34494481404622
1,12640012105306
-2,13839421590169
1,24846684773763
0,646982046763102
-0,94343908627828
-2,1172444152832
-0,360783608754476
0,222472173372904
-3,16221013387044
-0,831755091349284
1,00554524739583
-2,14948369344076
-0,671929448445638
0,846292724609375
-1,80524424235026
-0,449071540832519
0,761749979654948
-1,38027633666992
-0,255409590403239
0,803536682128906
-0,97520144144694
0,908263212839762
0,352305065790812
1,53319867451986
0,774803517659505
-0,520775756835937
3,03899536132813
1,35456471761068
0,301988118489583
3,7718647257487
1,29728452046712
1,78708760579427
2,08075317382812
0,969009730021159
1,78085942586263
1,71214655558268
0,360174509684245
1,55543329874674
1,57434020996094
-0,0195948441823324
1,44961064656576
1,27990526835124
-0,0310221497217814
1,16424530029297
1,03861432393392
-0,188969930013021
0,723634592692057
0,779496917724609
-0,121065781911214
0,39209067662557
0,348808485666911
-3,22324005126953
-1,65403742472331
0,954155712127685
-1
-1
-1
-1
-1
-1
-1
-1
-1
1