-0,04461607615153
0,247318878173828
-0,442935396830241
-0,0347267397244771
0,285770034790039
-0,429414494832357
-0,025891231695811
0,350388437906901
-0,434436569213867
0,0618848180770874
0,423409423828125
-0,430822385152181
0,150732790629069
0,592369422912598
-0,51952267964681
0,212019055684408
0,721544087727865
-0,713966420491536
0,0345071538289388
0,587525978088379
-0,935578791300456
-0,196349906921387
0,415473213195801
-1,01165407816569
-0,30880158106486
0,49542044321696
-0,939479420979818
-0,0257280349731445
1,52470797220866
0,581842854817708
0,833879203796387
0,718195495605469
2,02244542439779
1,75957338968913
-0,192754033406576
3,8838389078776
-0,298329448699951
-1,76169570922852
2,24542729695638
0,845155080159505
-1,96899586995443
-1,33443003336589
0,639547068277995
-1,60177703857422
-3,9936328125
-0,00511640310287476
-1,77970052083333
-0,148982092539469
-0,081686315536499
-0,805931676228841
0,430019365946452
2,42169560750326
0,195638809204102
4,23046427408854
0,248798408508301
-0,495762379964193
4,63901062011719
0,245131899515788
-0,0923788452148438
2,33591878255208
0,178671639760335
-0,877298742930094
1,72468953450521
-0,347824350992839
-2,04927846272786
1,50835199991862
-0,415775782267253
-1,7171750386556
1,14197883605957
-0,347330525716146
-1,33448644002279
0,742503649393717
-0,298554979960124
-0,900098749796549
0,223321228027344
-2,38192137400309
-1,30825436909993
2,01379749298096
-3,20409108479818
-1,38003234863281
1,58459078470866
-1,76054478963216
-0,908564529418945
0,635738309224447
-1,05372993469238
-0,59020809173584
0,390506534576416
-0,677792205810547
-0,375806070963542
0,198624671300252
-0,445550295511882
-0,278536574045817
0,0221105003356934
-0,256368681589762
-0,214549185434977
-0,126482073465983
-0,160937360127767
-0,180638866424561
-0,179064356486003
0
0
0
0
0
0
0
0
0
1
