-0,103448696136475
0,0702640263239543
-0,504263776143392
-0,118064826329549
0,113611224492391
-0,518933359781901
-0,0627921366691589
0,15273154258728
-0,531741129557292
0,0384961994489034
0,32089630762736
-0,633409512837728
0,180455106099447
0,457011782328288
-0,784210255940755
0,0630773210525513
0,388568865458171
-0,765341033935547
-0,0270189277331034
0,326577466328939
-0,633167152404785
-0,103263022104899
0,453960609436035
-0,41103364944458
-0,0732440423965454
0,448766708374023
0,0981306393941244
0,8522216796875
0,721477508544922
3,12516184488932
-0,257733256022135
0,695675048828125
3,57307464599609
0,178484681447347
0,526276626586914
1,18850184122721
0,369433161417643
0,599721018473307
-0,59158686319987
-0,250320383707682
0,768674240112305
-3,77828979492188
-0,883675003051758
-0,777030665079753
-1,69757197062174
-0,73011349995931
-0,677407073974609
-1,51247823079427
-0,507014605204264
-0,4703728612264
-1,22958730061849
0,221239166259766
1,89433268229167
0,614683024088542
0,132541357676188
-0,00201004028320314
2,9662021891276
1,56874984741211
0,822776590983073
3,29943827311198
0,489132499694824
0,22769988377889
2,57560801188151
0,489132499694824
-0,759221858978271
2,15320536295573
-0,847361602783203
-2,55280995686849
0,92222178141276
-0,887340367635091
-2,11878707885742
-0,110855725606283
-0,810918350219727
-1,65565307617188
-0,197154941558838
-0,433827145894369
-1,18634979248047
-0,525576146443685
-0,438388252258301
-1,03380195617676
-0,524570223490397
-0,73169069925944
-1,08729512532552
-0,153909406661987
-0,678250020345052
-1,02516166687012
-0,0217334548632304
-0,362890281677246
-0,806450983683268
-0,116071554819743
-0,241107533772786
-0,644187723795573
-0,185399494171143
-0,251669985453288
-0,505632629394531
-0,221183961232503
-0,362198867797852
-0,436612637837728
-0,150184644063314
0
0
0
0
0
0
0
0
0
1
