0,0470004558563232
0,167238286336263
0,0346451179186503
0,107378126780192
0,334179827372233
0,0554392067591349
0,19710386912028
0,474835001627604
0,0638323990503947
0,241759332021077
0,57429323832194
0,0562471882502238
0,37278959274292
0,523512929280599
0,0259414927164714
0,398422584533691
0,162907187143962
-0,131240735054016
0,486246808369954
-1,5862762260437
-0,622841841379801
0,520390510559082
-2,10102773030599
-0,830375467936198
0,589208780924479
-0,43073984781901
-0,995082677205404
1,39983891805013
1,97428797403971
-1,55109919230143
1,32542861938477
1,56474573771159
-1,43481190999349
0,796047719319661
1,79340494791667
-0,663090006510417
0,634575564066569
3,22734222412109
0,030604248046875
2,13494608561198
1,53222137451172
1,10851099650065
1,28913302103678
-0,502245330810547
3,86789428710938
0,185205841064453
-0,970971374511719
4,03382598876953
-1,59293612162272
1,04157343546549
2,91858545939128
-0,148182182312012
1,3264219156901
0,83488676071167
-0,864768466949463
1,7143837483724
-2,64159210205078
-1,30201169331868
-2,60319346110026
-0,196433868408203
0,386365152994792
-4,87878448486328
0,035545285542806
-0,179019635518392
-1,58518880208333
-0,863632456461588
0,354709358215332
0,595787531534831
-0,848989410400391
0,340310503641764
4,04380584716797
-0,270260569254557
0,720290813446045
3,91381459554036
-0,501185557047526
0,616947898864746
1,74502690633138
-1,44229319254557
0,214871416091919
1,11411191304525
-1,27233345031738
-2,06134426434835
-0,855644810994466
0,490213317871094
-2,64346888224284
-1,35033648173014
0,321383482615153
-1,71090148925781
-0,898498331705729
0,0974803956349691
-1,18730557759603
-0,706286010742187
0,00690882960955302
-1,00483800252279
-0,772310740152995
-0,0314228518803914
-0,982698491414388
-0,836050643920898
-0,0171922024091085
-1
-1
-1
-1
-1
-1
-1
1
-1
-1