-0,396198196411133
0,44539613087972
0,00483454505602519
-0,412357686360677
0,429242693583171
0,0196169698238373
-0,349504400889079
0,576425183614095
0,00774769425392151
-0,239414672851562
0,687550048828125
0,0117312546571096
-0,245479119618734
0,605964101155599
0,00205090165138245
-0,196342786153158
0,445986200968425
-0,0438547213872274
-0,11357159614563
0,316979141235352
-0,157335093816121
-0,0230403526624044
-0,0125724220275879
-0,21359582901001
0,109180045127869
-0,238709729512533
-0,299707406361898
2,39506571451823
0,427755966186523
-2,60569000244141
1,10075327555339
1,04064549763997
-2,18335001627604
1,10826723734538
0,781638565063477
-1,46275950113932
1,04982513427734
0,797738825480143
-1,00728535970052
1,80789947509766
-2,89797729492187
2,22429768880208
1,37362854003906
-2,32405751546224
3,6331337483724
0,652150243123372
-0,258154754638672
4,95386433919271
0,00471229553222656
1,90303237915039
2,80837524414063
-0,348628883361816
1,40490590413411
0,995037638346354
-2,0533265431722
-0,44032953898112
-2,69100845336914
-2,18257403055827
-2,99993036905924
-1,12505340576172
0,316934827168783
-2,7076633199056
-0,611504821777344
0,326567014058431
-0,796112620035807
-1,27894734700521
1,62048634847005
0,785480651855469
-2,33049362182617
1,60940572102865
0,673013229370117
-1,6878596496582
1,55081420898437
3,04837921142578
-0,549572245279948
1,01037038167318
2,10754669189453
-1,77863082885742
0,511426289876302
1,54583796183268
-1,42460639953613
-2,7823041788737
-1,741917775472
0,643742345174154
-1,85969233194987
-1,24984982808431
-0,116890538533529
-1,18080907185872
-0,725902570088704
-0,205201327006022
-0,731217498779297
-0,421726303100586
-0,269197584788005
-0,588268839518229
-0,392940050760905
-0,134230170249939
-0,619597803751628
-0,529385617574056
0,0654399601618449
0
0
0
0
0
0
0
1
0
0
