-0,281580944061279
0,374417775472005
-0,1680744043986
-0,303770198822022
0,051740763982137
-0,238368136088053
-0,196801360448202
-0,321544119517009
-0,359752457936605
-0,0107359019915263
-0,504699732462565
-0,415783665974935
0,158074779510498
-0,513307647705078
-0,550979601542155
0,401024729410807
-0,50501459757487
-0,865979563395182
0,494827842712402
-0,447306658426921
-0,910419692993164
0,59135326385498
0,0572819836934408
-0,722525405883789
0,760645802815755
0,333972517649333
-0,680299708048503
2,0191322072347
-2,96495341618856
2,04592229207357
2,78925552368164
-3,1234484354655
4,40538218180339
-1,15939898173014
1,22717091878255
4,85277089436849
-0,899835383097331
3,15094950358073
1,99612937927246
-2,69805730183919
0,811000417073568
-3,78264414469401
-1,9593056233724
-1,15042027791341
-3,18175455729167
1,38622497558594
-2,12858632405599
-1,54558507283529
-0,681431617736816
-3,54736826578776
0,0230500348409017
2,35568110148112
-2,20517496744792
-0,521992365519206
1,93927124023438
0,446887194315592
-0,808467000325521
1,37247400919596
3,80379374186198
0,419769287109375
-0,496435292561849
1,84519556681315
-0,121841437021891
-1,02838757832845
1,09406936645508
-0,253738689422607
-2,16432070414225
-0,772642771402995
0,778011951446533
-2,36215932210286
-1,90335515340169
0,578530095418294
-1,58825469970703
-1,45901593526204
0,274219767252604
-0,819765319824219
-0,837832972208659
-0,0666698487599691
-0,383032430013021
-0,487308565775553
-0,216674499511719
-0,135266952514648
-0,214098154703776
-0,189550940195719
-0,185233170191447
-0,241774368286133
-0,0911659749348958
-0,32680123647054
-0,412449137369792
-0,0300851456324259
-0,44011116027832
-0,578319180806478
-0,0143516997496287
-0,354941940307617
-0,618640569051107
-0,0273732395966848
-0,183818912506104
-0,339692846934001
-0,135201759338379
0
0
0
0
0
0
0
1
0
0
