-0,429669558207194
0,163848727544149
-0,137446161905924
-0,335329742431641
0,224047807057699
-0,141471411387126
-0,216130790710449
0,4923064549764
-0,248335800170898
-0,178494129180908
0,806197255452474
-0,315598901112874
-0,103501172065735
1,01912239074707
-0,251884892781576
0,00624387423197428
0,931236902872721
-0,243050600687663
-0,0569122997919718
0,597932154337565
-0,380730298360189
0,0666122102737427
0,398742116292318
-0,494856414794922
0,205389986038208
0,343885580698649
-0,651072820027669
0,830815556844076
-0,552904071807861
-0,936405792236328
0,872934366861979
-0,756760317484538
-0,720331687927246
0,882323939005534
-0,198833713531494
-0,680372505187988
3,74878036499023
-0,681156756083171
3,19743014017741
2,79125447591146
-0,574180043538411
6,55217325846354
0,278459726969401
0,784364344278971
4,87424499511719
-1,37070846557617
1,01981870015462
2,06451344807943
-4,39758143107096
-1,05083930969238
-2,3974723815918
-1,23568105061849
-2,20601542154948
-1,68800491333008
-0,877480773925781
-1,67794169108073
-0,794660441080729
-0,899027252197266
-2,65286692301432
0,483328221638997
2,99590642293294
0,621064198811849
-0,611897290547689
2,51398468017578
1,87908231099447
-0,788933995564779
-0,0480526566505432
1,96921574910482
0,832911580403646
0,00059434175491333
1,56165547688802
1,24004315694173
-0,958356240590413
0,503333435058594
0,876283721923828
-2,30889577229818
-1,45250849405924
0,31974915822347
-1,62737828572591
-0,957314071655273
-0,106023298899333
-0,84677729288737
-0,396405296325684
-0,47377934773763
-0,658913650512695
-0,172726230621338
-0,472423299153646
-0,772840321858724
-0,302331269582113
-0,213821992874145
-0,893523356119792
-0,457862116495768
0,0125423113505046
-0,673896344502767
-0,472949447631836
0,129879592259725
-0,535327288309733
-0,520213483174642
0,133954200744629
-1
-1
-1
-1
-1
-1
-1
1
-1
-1