-0,427391662597656
-0,243557554880778
0,0978434975941976
-0,251019557317098
0,0356562519073486
-0,120349178314209
-0,0263317918777466
0,466071141560872
-0,222956320444743
0,00394912401835124
0,769482752482096
-0,19223154703776
-0,144111363093058
0,854342168172201
-0,159775126775106
-0,256762396494548
0,700481758117676
-0,136673599878947
-0,126276488304138
0,487350120544434
-0,154020455678304
0,0679788223902384
0,352092425028483
-0,305163688659668
0,344922828674316
0,32793093363444
-0,494009958902995
0,681680399576823
0,579688898722331
-1,61283124287923
0,887441228230794
1,03013999938965
-2,06385747273763
0,97413813273112
1,17789077758789
-1,74763193766276
1,24197397867839
1,72532831827799
-1,7709797668457
-5,13822672526042
-4,14446375528971
1,40850296020508
-2,41960266113281
-0,0871193440755209
4,22960205078125
-0,840846252441406
2,74836710611979
2,06418426513672
-0,483630841573079
1,76140897115072
-0,781549657185872
-2,82947901407878
-0,00490478515625
-3,64165110270182
-0,710012423197428
-0,951872787475586
-0,95253978729248
-0,0197352727254232
-2,69445505777995
-1,00361619313558
-0,478046747843424
-1,59341756184896
-1,52949361165365
-0,116852486928304
-1,23289210001628
-1,53997111002604
0,558627080917358
1,70341623942057
-0,23679438273112
0,684695002237956
4,52023356119792
0,437547912597656
-1,70267735799154
0,672990875244141
1,36008290608724
-3,23708974202474
-3,17293029785156
-0,380037485758464
-2,06992752075195
-1,96992172241211
-1,20798586527507
-1,26535402933756
-1,50338185628255
-1,10026425679525
-0,579643046061198
-1,04549616495768
-1,14747578938802
-0,312382469177246
-0,743176040649414
-1,00246676127116
-0,304237511952718
-0,619650993347168
-0,621495552062988
-0,20677090326945
-0,631467208862305
-0,266348393758138
-0,0603451458613078
-0,56144474029541
-0,143681529362996
0
0
0
0
0
0
0
1
0
0
