0,0385270071029663
0,380361391703288
-0,293312931060791
-0,132259689966838
0,302039705912272
-0,328161010742188
-0,500855865478516
0,16298464457194
-0,246723823547363
-0,610082613627116
0,105344359079997
-0,17586789449056
-0,517843882242839
0,216650902430216
-0,276601231892904
-0,262569650014242
0,479897270202637
-0,375854161580404
0,0289473104476929
0,175964873631795
-0,421276079813639
-0,0177776002883911
-0,249609511693319
-0,545117848714193
0,0297736787796021
-0,470226287841797
-0,518740946451823
1,80712414741516
0,211813316345215
-0,558231786092122
0,979669116338094
-1,19751928965251
-1,45441421508789
0,165580180486043
-1,47229217529297
-1,0498043568929
2,57741358439128
2,23128560384115
-0,709440104166667
-0,194699503580729
2,13997538248698
5,01034434000651
-0,717088165283203
1,19458953857422
7,07553934733073
-1,4494477335612
1,30199406941732
3,91489532470703
-0,43127326965332
2,08518091837565
0,769256312052409
-0,75260295232137
1,29038754781087
-2,04941428502401
-1,75872029622396
-2,61797197977702
-1,11350173950195
0,274448877970378
-3,90278605143229
-0,853920745849609
-0,322189915974935
-2,52295104980469
-0,701326293945312
-0,169783862431844
-1,43685315450033
-0,777512512207031
0,162593609491984
-0,638989410400391
-0,60567081451416
1,2756911722819
3,5140488688151
-1,01473185221354
0,251376978556315
2,48114298502604
-1,66929611206055
-0,527600008646647
1,1307874806722
-0,936046422322591
-2,85082102457682
-1,98635625203451
1,29735397338867
-1,22162747701009
-1,71873575846354
0,0409559679031372
2,3768495686849
1,04241096496582
-1,44442751566569
1,67463205973307
1,11672152201335
-1,45525634765625
1,01665817260742
0,756603291829427
-0,962406870524088
0,398299840291341
0,365198383331299
-0,653421427408854
0,15599370320638
0,226714000701904
-0,517233161926269
-1
-1
-1
-1
-1
-1
-1
1
-1
-1