-0,442633628845215
0,672038269042969
0,0153121423721313
-0,497563743591309
0,640169461568197
0,0906802574793498
-0,368712259928385
0,506928672790527
0,210921338399251
-0,220175183614095
0,512982788085938
0,245013790130615
0,0286541716257731
0,709749870300293
0,178983554840088
0,142147560119629
0,693384106953939
0,0564619239171346
0,132880945205688
0,37399107615153
-0,109700091679891
0,205844243367513
0,122436173756917
-0,21072740872701
0,569182548522949
-0,0389212894439697
-0,516337763468425
1,01484385172526
-0,595898853937785
-1,76040626525879
1,16580383300781
-0,734625879923502
-1,85229858398437
1,0136168162028
-0,458078524271647
-1,52593861897786
1,04051391601563
-0,444773267110189
-1,28495196024577
0,945249760945638
-0,54607421875
-0,958883743286133
2,03449172973633
-3,33480346679688
4,43129435221354
-0,333038152058919
-1,25698521931966
6,49413431803385
-0,791789296468099
-0,931787821451823
4,66427795410156
-0,460912030537923
0,944051971435547
1,14966300964355
-0,418505732218424
1,21173823038737
0,723311805725098
-2,15229434967041
1,03689961751302
-0,216638100941976
-3,09796661376953
-1,79996475219727
-0,684110260009766
0,0138170878092448
-1,65733055114746
-2,23876983642578
-0,0900882975260417
-1,36031715393066
-1,57163651784261
-1,32951604207357
-1,8920166015625
0,194787712097168
0,00658134460449207
-0,791613413492839
0,171654930114746
1,78104268391927
1,57007441202799
0,251997261047363
0,969995371500651
3,40660624186198
-0,439063587188721
0,270317274729411
2,56212193806966
0,409800955454509
-0,399620768229167
1,49179773966471
0,526670926411947
-0,944393310546875
0,685603892008464
0,486310043334961
-1,19514976501465
0,0621338256200155
0,444641660054525
-0,894552790323893
0,0689147059122721
0,132645012537638
-0,32780876159668
0,366819871266683
-0,112161992390951
0
0
0
0
0
0
0
1
0
0
