0,153225975036621
0,336512120564779
0,0169716993967692
0,0264905532201131
0,0806977907816569
-0,163031282424927
0,148346211115519
-0,297832889556885
-0,0986400095621745
0,216590843200684
-0,428127237955729
-0,106795330047607
0,533683751424154
-0,548045043945313
-0,359234085083008
0,69607655843099
-0,77315305074056
-0,656332842508952
0,843054809570313
-0,750383097330729
-0,702900695800781
0,69855842590332
-0,531768684387207
-0,730438690185547
0,808400522867839
-0,325619354248047
-0,821273523966471
1,60209276835124
-1,01933008829753
2,97580474853516
1,91841313680013
-1,81074686686198
5,80311584472656
0,11230946858724
-1,52445095062256
4,43512023925781
-0,822413177490234
-0,0499370447794597
2,68816157023112
-0,337786547342936
1,82673817952474
1,29503005981445
-0,099636344909668
1,65334081013997
-1,05535406748454
-3,87864461263021
-0,786473897298177
-1,41400945027669
-1,74308186848958
-2,07029596964518
-0,692426503499349
1,46089366277059
0,754210103352865
-1,94448061625163
-0,276766497294108
1,60093571980794
-2,08895502726237
-0,169050572713216
0,880296910603841
-1,51474512736003
0,0311925315856934
0,670544738769531
-1,12059753417969
0,427812894185384
0,793727442423503
-0,879436416625976
1,02225378672282
2,62549596150716
-0,343983510335286
0,302859280904134
3,17533060709635
-0,721600227355957
0,220477428436279
1,87753178914388
-0,951378784179687
-1,6353360303243
-0,462635243733724
0,503986180623372
-2,23191553751628
-1,86622955322266
1,01190895080566
-1,59386301676432
-1,43481422424316
0,688259582519531
-0,934601643880208
-0,828377227783203
0,385081640879313
-0,478287480672201
-0,433006350199382
0,19432762781779
-0,357109858194987
-0,23908883412679
0,129954884847005
-0,465207862854004
-0,298543059031169
0,165694411595662
-0,453504460652669
-0,300361614227295
0,147563587824504
0
0
0
0
0
0
0
1
0
0
