0,0344162233670553
-0,0553181616465251
-0,044508314927419
0,0737304671605428
-0,128569866816203
-0,165986150105794
0,118005135854085
-0,213277651468913
-0,239338232676188
0,134902613957723
-0,307554626464844
-0,214952379862467
0,166824817657471
-0,437237663269043
-0,193597348531087
0,216832459767659
-0,461018905639648
-0,205146675109863
0,471051661173503
-0,417977358500163
-0,469370346069336
0,618350385030111
-0,285824171702067
-0,827917226155599
0,639849535624186
0,103159399032593
-1,03038429260254
0,353235079447428
1,1473530960083
-0,353051617940267
0,20944491704305
1,48967819213867
0,12094900449117
0,194491596221924
1,3330313873291
0,169296849568685
0,320892454783122
1,11326174418132
-0,0217811361948649
0,424202893575033
0,879736150105794
-0,0190993817647298
3,32639587402344
0,0751637522379557
4,00913386027018
3,20700398763021
-1,1915976969401
5,91644409179688
0,0480591328938802
-0,405157407124837
2,72452377319336
0,206727345784505
2,05799994150798
1,72076299031576
-0,784595540364583
2,63348887125651
0,240141906738281
-1,3920773824056
2,00315032958984
-1,39513487497965
-1,35028920491536
1,19200327555339
-2,49721989949544
-1,36426462809245
0,690920537312826
-2,11497385660807
-0,834674682617187
-0,545336926778158
-1,39247100830078
0,819749755859375
-1,97416727701823
-0,0987724431355794
0,891076456705729
-1,69206029256185
-0,242173582712809
1,04883209228516
-1,65817169189453
-0,28862211227417
0,693812789916992
-1,25213862101237
1,47694259643555
0,438450088500977
0,277034155527751
0,488144137064616
0,209853668212891
1,28831227620443
-0,14088534673055
-0,517973175048828
2,46728098551432
-0,595025024414063
-2,04098597208659
0,411579437255859
-0,203451271057129
-1,94977411905925
-1,05917292277018
0,472523638407389
-1,5438808186849
-1,02679486592611
0,255205402374268
-1
-1
-1
-1
-1
-1
-1
1
-1
-1