-0,194551684061686
-0,39008248647054
-0,416499087015788
-0,21171672185262
-0,307198454538981
-0,365876808166504
-0,156494566599528
-0,238130601247152
-0,304574197133382
-0,0858734957377116
-0,170266691843669
-0,25187416712443
-0,0709893894195557
-0,166030337015788
-0,21442626953125
-0,0844904152552287
-0,230102787017822
-0,139953635533651
-0,104781020482381
-0,309488143920898
-0,025736042658488
0,107999637921651
0,341198838551839
-0,0548341075579325
0,250827992757161
0,44738333384196
-0,159010111490885
2,42078008015951
1,87126001993815
-0,518881963094076
3,0878742980957
2,74353057861328
-1,9444206237793
-0,494093526204427
0,491352945963542
-0,844670842488607
-0,0630893341700236
0,0446305720011393
-0,388925851186117
0,0291366529464722
-0,0020814832051595
-0,11055770556132
0,168838807741801
1,22677262624105
-0,465726718902588
0,788229344685872
2,34033813476562
-2,0200510152181
2,25140106201172
-0,39801518758138
0,26719487508138
1,76867754618327
-3,01488077799479
4,79499155680339
0,195408732096354
-0,235366401672363
3,9961616007487
-0,760477091471354
3,05573404947917
2,64642862955729
-1,23382993062337
2,31008478800456
0,988725433349609
-1,27826883951823
0,657308985392253
-1,79041581471761
-1,39363967895508
-1,86339958190918
-1,31390309651693
0,0844546890258789
-3,09723398844401
-0,321616846720378
0,107945674260457
-2,01037851969401
-0,306465708414714
0,472898267110189
-0,430559692382813
0,232660128275553
0,818979911804199
2,70545394897461
0,503417663574219
0,96085812886556
1,93541631062826
-1,22708455403646
0,232735315958659
1,19479565938314
-1,15896278381348
-2,65635874430339
-0,993728001912435
0,840834376017253
-2,08233103434245
-0,717231254577637
0,376460469563802
-1,22347412109375
-0,39717139561971
0,108159478505452
-0,756832377115885
-0,221796175638835
-0,0879804944992065
0
0
0
0
0
0
0
1
0
0
