-0,0298190275828044
0,0837875548998515
-0,00862752278645833
0,0569209003448486
0,162196404139201
-0,11825745900472
0,0536277929941813
0,270442422231038
-0,139766683578491
0,10263351281484
0,395764605204264
-0,184245951970418
0,381165885925293
0,53827220916748
-0,314822800954183
0,621488800048828
0,54446408589681
-0,473972663879395
0,389369163513184
0,516394119262695
-0,576605173746745
0,232642904917399
0,31408971786499
-0,497870051066081
0,226626574198405
0,269073702494303
-0,593831685384115
0,68072816212972
-0,821239026387533
-1,75616788228353
0,714186325073242
-1,10008506774902
-1,98052764892578
0,61344477335612
-0,499927857716878
-1,64977818806966
0,63423521677653
0,0159656111399333
-1,52978729248047
0,922130355834961
-1,41808790683746
0,544367930094401
1,49319966634115
-1,97182072957357
3,72124674479167
1,8583251953125
0,955984878540039
4,48223439534505
-0,122942218780518
1,43094146728516
3,88805725097656
-0,366821956634522
1,57528544108073
2,76182678222656
-0,59532709757487
2,28432917277018
0,501192715962728
-3,76702178955078
0,0722269948323568
-1,79840649922689
-1,99550165812174
0,939736404418945
-0,425611839294434
5,9569472249349
0,85725456237793
-1,09654001871745
-0,633864924112956
0,0275574493408203
-1,4559560139974
0,530247853597005
-1,35492431640625
-0,118784879048665
0,74300168355306
-1,33056655883789
-0,052983136177063
0,818230056762695
-1,0971834564209
0,0094057027498881
0,76254020690918
-0,292666505177816
-0,0896855974197388
0,505911420186361
0,244018681844076
-0,36977601369222
-0,202623723347982
0,197722934087118
-0,247637748718262
-0,674201965332031
-0,109829988479614
-0,170445308685303
-0,573770090738932
-0,186157938639323
-0,255393600463867
-0,34569232304891
-0,11885001818339
-0,277942733764648
-0,270819288889567
-0,113400735855103
-0,108255902926127
-1
-1
-1
-1
-1
-1
-1
1
-1
-1