-0,0390183544158936
0,265422668457031
-0,17017783164978
0,120684992472331
0,287963231404622
-0,200520394643148
0,152862065633138
0,352434666951497
-0,174197463989258
0,154069538116455
0,319791272481283
-0,152474695841471
0,0622672478357951
0,231040522257487
-0,187350393931071
0,0245184731483459
0,026540625890096
-0,257561359405518
0,00869436124960581
-0,190164044698079
-0,341413478851318
0,0190387096007665
-0,288642609914144
-0,377582766215006
-0,021983281771342
-0,264000180562337
-0,262140159606934
1,50928252538045
-1,0673464012146
-1,58795420328776
1,99146184285482
-1,2889247639974
-2,10930755615234
1,58661361694336
-1,03579607645671
-1,62649302164714
1,25106165568034
-0,666027819315592
-1,37410990397135
1,04328542073568
-0,405384877522786
-1,10718910217285
1,02430272420247
-1,07599138895671
0,371887067159017
0,932140960693359
-2,25053446451823
3,84815022786458
-0,550122299194336
-0,625905965169271
5,26441233317057
-0,274706954956055
1,44262069702148
3,83012878417969
-0,0321315320332845
1,88825337727865
1,89930877685547
-0,0317064730326335
2,33130137125651
0,669212843577067
-0,153375393549601
1,71483342488607
-0,742493152618408
-2,09311363220215
0,14936710357666
-1,06424913406372
-2,3554443359375
-0,417851638793945
-0,407264397939046
-0,0430504862467448
-0,416463801066081
-1,00138473510742
0,571450271606445
-0,607695846557617
-1,29045649210612
-0,0676128832499186
-0,998179448445638
0,160926628112793
0,227022148768107
-0,902486038208008
-0,107619469960531
0,977745755513509
-0,586814829508464
-0,970898780822754
1,12562217712402
-0,100679276784261
-0,879982070922852
0,782715428670247
0,889182516733805
-0,852360458374024
0,288941523234049
2,02181365966797
-1,02919347127279
0,485003827412923
1,72849009195964
-1,05489184061686
-1,65285531361898
-0,546719207763672
0,399313939412435
0
0
0
0
0
0
0
1
0
0
