-0,15056874593099
-0,335543486277262
-0,34841854095459
-0,123370450337728
-0,460276476542155
-0,411709925333659
-0,148821016947428
-0,411930300394694
-0,302348556518555
0,0333567587534587
-0,480803756713867
-0,321528828938802
0,309245827992757
-0,46072452545166
-0,667451616923014
0,539995778401693
-0,463138008117676
-0,844461975097656
0,575058581034342
-0,153330809275309
-0,869701207478841
0,591573969523112
0,105644912719727
-0,833619105021159
0,585947558085124
0,165245628356934
-0,64925303141276
1,03141586303711
0,123298950195313
0,890209083557129
1,92845840454102
-1,29625366210937
3,73645446777344
-0,774008534749349
-3,59770914713542
2,6568217976888
-0,426120808919271
-0,585252278645833
3,93825764973958
-0,148500849405924
1,19472646077474
1,37179387410482
0,181621691385905
2,14625737508138
0,30682320912679
-0,117329581578573
2,38428344726562
-0,187931966781616
-2,73567840576172
-0,018464298248291
-0,29177924156189
-0,564634094238281
-0,275341631571452
-0,782772544225057
0,341946156819661
-0,794731038411458
-1,68157702128092
-0,172066446940104
-1,83155756632487
0,345793482462565
0,603433499336243
-1,68888257344564
-0,435546417236328
0,730011088053385
-0,881756057739258
-1,20106163024902
0,511348457336426
2,07540954589844
0,866552658081055
0,483769900004069
2,84214752197266
-0,778098322550456
0,380591697692871
2,22826502482096
-1,11578137715658
-0,566902071634928
0,766181131998698
0,0624726359049479
-2,23510884602865
-0,864845136006673
1,25517328898112
-0,920222422281901
-0,499169807434082
0,161923688252767
-0,40702444712321
-0,234327255884806
0,00274465084075928
-0,215750643412272
-0,0714815330505371
-0,00269509712855021
-0,244693158467611
-0,123232657114665
0,118428080876668
-0,306155916849772
-0,19603494644165
0,216564439137777
-0,210140832265218
-0,154604946772257
0,196672204335531
-1
-1
-1
-1
-1
-1
-1
1
-1
-1