0,0271686768531799
-0,0452497005462646
-0,0410358881950378
0,0535328420003255
-0,0578329706192017
-0,0439507548014323
0,0729660654067993
-0,101452658971151
-0,0430048608779907
0,0816273895899455
-0,123805249532064
-0,0794421291351318
0,0444233345985413
-0,11976414680481
-0,0927407836914063
0,0100491933027903
-0,139200785954793
-0,103824071884155
-0,0117297637462616
-0,13149395942688
-0,107423734664917
-0,0254551633199056
0,0205937131245931
-0,10503968556722
-0,0454198010762533
0,228928190867106
-0,0876009972890218
1,55005813280741
0,530354118347168
-1,48833335876465
1,10985819498698
1,12753265380859
-1,98819646199544
0,881331354777018
1,16419123331706
-1,3791726175944
0,789901428222656
1,05193072001139
-1,11161417643229
0,697156575520833
0,767652053833008
-0,726658020019531
1,40185422261556
-0,0998612976074219
1,62029916127523
1,53008855183919
-0,766709594726562
3,75205078125
-0,221116485595703
-1,70876424153646
3,0226426188151
-0,993080749511719
0,168188171386719
4,11149739583333
-0,92406748453776
2,16586120605469
3,52979883829753
0,0168425623575846
2,66722920735677
0,58435910542806
-1,03847857157389
2,03687530517578
-0,957538566589355
-3,44969472249349
0,631737314860026
0,206372706095378
-0,550194244384766
-0,36492254892985
0,381782658894857
0,196283620198568
-1,9146181233724
-2,32426732381185
0,188655726114909
-1,6765331141154
-0,354321746826172
0,865397974650065
-0,624676005045573
-0,759371693929036
1,5314018758138
2,3564379119873
-0,15780891418457
1,8165283203125
4,35221435546875
-0,60590279897054
0,920810775756836
1,9318972269694
-0,231921717325846
0,612486254374186
1,25095324198405
-0,377304534912109
0,297951679229736
0,722845293680827
-0,263437576293945
-2,90407836914063
-1,2386875406901
1,11055076599121
-2,34344156901042
-1,23544321695964
0,4718439356486
0
0
0
0
0
0
0
1
0
0
