-0,122944431304932
0,290297470092773
-0,203011468251546
-0,137688010533651
0,317158571879069
-0,144063059488932
-0,123310070037842
0,3363441212972
-0,085346139272054
-0,177081467310588
0,404241142272949
-0,0309152523676554
-0,260577227274577
0,483981997172038
0,0687261199951172
-0,247348066965739
0,449832954406738
0,0812336540222168
-0,195818411509196
0,412879028320312
0,0822634998957316
-0,112643294334412
0,398006871541341
0,113975137074788
0,0754582484563192
0,439975026448568
0,0282363414764404
0,138602472941081
0,297284228006999
-0,924812590281169
-0,233191878000895
-0,0332749716440837
-1,20443486531576
-0,187340819040934
-0,350631637573242
-0,984617436726888
0,598704274495443
-0,528671875
-1,34114562988281
1,77650873819987
-1,82416636149089
-2,08574452718099
1,53000696818034
-1,16774765014648
-1,67226531982422
2,26280838012695
-0,878367640177409
-1,18265055338542
4,13954956054688
-1,38089029947917
2,68712326049805
4,34718505859375
0,0112989807128906
3,71724975585938
-0,549274291992188
4,42050364176432
3,35998382568359
0,439138310750326
2,59785064697266
-0,362251281738281
-2,1069847869873
-3,39903432210287
-2,51086049397786
-1,97516927083333
-5,37895263671875
0,567285741170247
0,0024790700276693
-4,32292134602865
0,485882924397786
0,238750686645508
-0,730863291422526
0,0286063003540039
1,94414576212565
5,52102742513021
-0,797917709350586
2,08196985880534
6,68481241861979
-1,14040885925293
1,80777008056641
1,42900540669759
-1,26329010009766
0,857928085327148
0,827379531860352
-0,839476598103841
0,166814753214518
0,169654658635457
-0,310094464619954
-1,65868164698283
-0,657619733810425
0,864891738891601
-2,03052815755208
-0,900795873006185
1,14784545898438
-1,3191633605957
-0,762989451090495
0,681719093322754
-1,06651351928711
-0,800378621419271
0,433199246724447
-1
-1
-1
-1
-1
-1
-1
1
-1
-1