-0,0843994998931885
0,137003847757975
-0,0938836352030436
-0,148764152526855
0,0710849698384603
-0,0985248533884684
-0,121771513621012
0,0642791700363159
-0,170388854344686
0,0527921072642009
0,129051605860392
-0,263434721628825
0,338785260518392
0,300272483825684
-0,420432891845703
0,408307406107585
0,231988754272461
-0,56508981068929
0,185034357706706
0,0479047234853109
-0,471166826883952
0,0996756712595622
-0,253714326222738
-0,451731503804525
0,0809616406758626
-0,447458992004395
-0,624143524169922
1,35166613260905
-1,18798543294271
-1,87540227254232
1,69793217976888
-1,13342094421387
-2,132060546875
1,32434626261393
-0,614316991170247
-1,68655446370443
1,22755592346191
-0,226029802958171
-1,45568364461263
2,46408686319987
-0,51331548055013
0,203029403686524
2,96066040039062
-0,363500900268555
3,26283121744792
2,02879058837891
1,4147265625
4,8077528889974
0,194318313598633
3,50154541015625
2,89972213745117
0,110199324289958
2,25292785644531
1,37948888142904
-0,560030256907145
0,707234013875325
-0,0346843465169271
-2,04534545898438
-0,778693466186523
-1,06857477823893
-0,160773641268412
-3,83077290852865
-1,2882177734375
-0,327551142374674
-2,77383880615234
-0,449307339986165
-0,404525661468506
-1,00654754638672
0,0652612574895223
1,03686981201172
1,41103978474935
-0,231096496582031
1,10257545471191
3,96900115966797
0,143483498891195
1,09411155700684
2,17988672892253
-0,361755237579346
0,718349456787109
1,54878774007161
-0,636570828755697
-0,717612050374349
0,0975498453776043
0,44571787516276
-3,73205790201823
-2,09508850097656
1,95037760416667
-2,73926325480143
-1,68667775472005
0,980617218017578
-1,74223709106445
-1,32082239786784
0,635235137939453
-0,847836074829102
-0,812115300496419
0,206584952672323
-0,293079147338867
-0,46165225982666
-0,00155977725982666
0
0
0
0
0
0
0
1
0
0
