-0,613418668111165
-0,139717143376668
-0,0294300492604574
-0,609949213663737
-0,0704077545801799
0,0762030569712321
-0,425767962137858
0,0641502539316813
0,0781868839263916
-0,309525464375814
0,147590742111206
0,0947164249420166
-0,207483444213867
0,173471584320068
0,251199607849121
-0,0321345806121826
0,10773489634196
0,220014123916626
-0,0830075836181641
-0,0876444784800212
0,00930197715759277
0,0136206722259521
-0,465046170552572
-0,0671213595072428
0,0210206381479899
-0,704955342610677
-0,177634607950846
1,40800116856893
0,482209752400716
-1,83713144938151
1,97795801798503
1,99523147583008
-1,81301472981771
1,55567606608073
1,46358317057292
-1,12594314575195
1,40363815307617
1,98747151692708
-1,01293022155762
1,48251586914062
1,99981948852539
-0,755062789916992
1,90927154541016
0,531720352172852
4,37106923421224
1,3605507405599
2,23762980143229
6,58956705729167
-1,53191006978353
2,82367645263672
3,25736094156901
0,471236928304036
2,97749857584635
-1,06955014546712
-0,683978678385417
3,6213525390625
-2,50040878295898
-3,01834106445313
0,446164423624674
0,20205576578776
-0,420524876912435
-2,60986317952474
0,995412089029948
0,851942354838053
-2,91762725830078
-1,28753168741862
0,243682530721029
-2,90487579345703
-0,439412981669108
0,566070950826009
-0,644765930175781
-0,711344909667969
1,16752464294434
1,69554971059163
-0,552839787801107
1,36816192626953
3,23148503621419
-0,286057217915853
0,937875951131185
2,04963404337565
-0,285962619781494
0,26082444190979
1,51013580322266
-0,324670168558757
-0,0591077423095703
0,906262079874674
-0,38336841583252
-0,289254582722982
0,532594223022461
-0,439284032185872
-0,302574348449707
0,313579947153727
-0,409535204569499
-0,386462593078613
0,14031311194102
-0,198873243331909
-0,498272247314453
-0,0839813216527303
0,0171255826950073
-1
-1
-1
-1
-1
-1
-1
1
-1
-1