-0,107789376576742
0,030834919611613
-0,0609812784194946
-0,205885251363118
-0,00364811658859253
-0,0722692632675171
-0,178478228251139
0,0318519536654154
-0,127838910420736
-0,0777456219991048
0,091172153155009
-0,140096190770467
0,182906974156698
0,140065930684408
-0,279556369781494
0,14713373819987
-0,0906027928988139
-0,427771555582682
0,0122336490948995
-0,270255273183187
-0,425413411458333
0,0156730095545451
-0,423285598754883
-0,457400054931641
-0,0496045080820719
-0,418617630004883
-0,319138304392497
1,16517190297445
-0,405479685465495
-1,2998236656189
1,33607889811198
0,246377182006836
-1,2054467010498
1,10576126098633
0,298379605611165
-0,57395991007487
0,883786544799805
0,416999079386393
-0,852527821858724
0,869146448771159
0,471569519042969
-1,01404322306315
1,05363746643066
0,661451085408529
1,4954776763916
1,05363746643066
1,84135462443034
2,66449005126953
-3,71266876220703
3,51166041056315
3,51967264811198
-2,07844563802083
5,05097513834636
2,58354359944661
0,171296920776367
2,7992377726237
-0,198705190022786
-1,09254786173503
-1,06593271891276
-2,11331670125326
-2,37922922770182
-2,2292274983724
-0,235616963704427
-0,414003028869629
-2,8287749226888
-0,422168528238932
-0,110282796223958
-2,13259399414062
-0,49173454284668
0,0209201415379842
-1,72673146565755
-0,401128374735514
0,410270131429036
-1,28687703450521
-0,508757158915202
1,01167856852214
3,49475234985352
0,0566243616739909
1,03585428873698
4,14994974772135
-0,536941760381063
0,781739781697591
2,42533096313477
-1,06308921813965
-0,504169565836589
0,612295939127604
0,457186584472656
-3,92818806966146
-2,5413666788737
3,16674296061198
-2,55398595174154
-2,17322682698568
0,983413619995117
-1,41724858601888
-1,58308049519857
0,430758234659831
-0,591844685872396
-1,06293207804362
0,110137135187785
-1
-1
-1
-1
-1
-1
-1
1
-1
-1