-0,354477348327637
-0,0153045837084452
-0,634596392313639
-0,447372817993164
0,130220012664795
-0,598187039693197
-0,410475718180339
0,126227149963379
-0,546439793904622
-0,285370960235596
0,0369427140553792
-0,511888364156087
-0,174540004730225
0,0926626427968343
-0,418965543111165
-0,128472690582275
0,139980897903442
-0,305131492614746
-0,159260377883911
0,0912712001800537
-0,2184889793396
-0,191541754404704
0,0942181936899821
-0,217454706827799
-0,103722645441691
0,267554225921631
-0,254189262390137
0,658715206782023
-0,243577295939128
-1,00104179382324
0,679776000976563
-1,66773518880208
-1,94894119262695
0,500372988382975
-1,25082893371582
-1,52851252237956
0,471050669352213
-1,1250708770752
-1,35628504435221
0,466749521891276
-1,04811108907064
-1,22635495503743
0,560452270507812
0,368067957560221
-1,19190526326497
1,07320299784342
1,34144419352214
-1,01908650716146
4,01097920735677
-2,53520329793294
3,99124150594076
0,968420944213867
-4,56096638997396
4,55522918701172
-0,404752006530762
-2,35257329305013
1,4106064860026
-0,681615905761719
0,684737167358398
-1,86967473347982
-1,93956110636393
0,592624333699544
-1,86552393595378
-0,794419581095378
-2,3466490872701
-0,86551025390625
-0,0513189188639323
-0,986476084391276
-0,80997444152832
0,321936162312826
-0,432940012613932
-0,737192802429199
0,368485514322917
2,71616617838542
-0,276365127563477
-0,114864107767741
2,34704182942708
-1,4688791402181
-0,444010467529297
1,70093276977539
-1,04565422058105
-0,850698827107747
0,751772677103678
-0,477972323099772
-0,950542246500651
0,257092456817627
-0,286097373962402
-0,580934054056803
0,310121561686198
-0,300348739624023
-0,315667533874512
0,41218936920166
-0,272250245412191
-0,326898638407389
0,238824825286865
-0,132464803059896
-0,391905657450358
0,0970899613698323
-0,0546982987721761
-1
-1
-1
-1
-1
-1
-1
1
-1
-1