0,0285543402036031
0,110598017374674
-0,090691385269165
0,078851113319397
0,154521369934082
-0,0451519346237183
0,117513275146484
0,232213999430339
-0,0345565684636434
0,106283769607544
0,298907972971598
-0,0650234127044678
0,0846648724873861
0,372195383707682
-0,116807063420614
0,165556316375732
0,496057688395182
-0,223712139129639
0,106947244008382
0,435462137858073
-0,344608656565348
0,10631537437439
0,259960041046143
-0,422524337768555
0,126595293680827
0,214927876790365
-0,363909689585368
1,18756081581116
-1,54900849024455
-0,779854882558187
1,57793848673503
-1,98004704793294
-1,13677553812663
-0,0515586598714193
2,17601353963216
-0,622517623901367
0,889842910766601
2,34372207641602
-1,19035204569499
0,907895812988281
-0,650259450276693
3,28322224934896
-3,27937611897786
-1,53730895996094
5,07240804036458
-0,0925796413421631
-1,2346804300944
1,90362935384115
-0,11090277671814
-0,764540761311849
1,40033284505208
-1,2073242855072
1,48171409606934
-1,79240351359049
-0,982811584472656
1,6732112121582
0,471341985066732
-0,84330685933431
1,11603009541829
0,0105142211914063
-0,745364557902018
0,391430466969808
-0,145920645395915
0,527543754577637
-0,310530532201131
-1,74647918701172
1,08255228678385
-0,434992141723633
-1,95848719278971
0,513720932006836
-0,286617209116618
-1,43070208231608
0,228143653869629
-0,0624757957458496
-0,997918879191081
0,031244068145752
-0,131122269630432
-0,692592849731445
-0,441528447469075
-0,39591246287028
-0,292728691101074
-0,347594502766927
-0,351764005025228
-0,213050257364909
-0,00813971996307373
-0,100743664105733
-0,270217202504476
0,064049072265625
0,0057257600625356
-0,262396068572998
-0,0290790478388468
-0,0154550194740295
-0,22351277033488
-0,148210570017497
-0,0603101793924967
-0,102733515103658
-0,14455592473348
-0,130273208618164
-0,0509154399236043
-1
-1
-1
-1
-1
-1
-1
1
-1
-1