-0,109753573735555
0,347895431518555
0,0362642319997152
-0,024281188249588
0,329712003072103
0,0936112149556478
0,023803805510203
0,308222351074219
0,140307995478312
0,0445699834823608
0,307310218811035
0,245126832326253
0,0973843987782796
0,38246208190918
0,285753949483236
0,306680526733398
0,559784571329753
0,192192408243815
0,334798717498779
0,651149889628092
-0,0477508989969889
0,169050121307373
0,475498250325521
-0,178421456019084
0,135646575291951
0,222705949147542
-0,237778708140055
1,25843105951945
-1,91873681704203
-0,591752580006917
1,45976130167643
-2,49871724446615
-1,00463389078776
0,790139439900716
-1,46074122111003
-0,726593271891276
0,67735102335612
-0,939148915608724
-0,674572474161784
0,65976022084554
-0,653983726501465
-0,557661425272624
0,515415585835775
-0,370864130655925
-0,319932060241699
0,0820525105794271
0,330035133361816
1,67144479115804
1,41970138549805
0,78478385925293
2,83692260742187
-1,51963368733724
0,156483840942383
2,71629903157552
-0,693097839355469
0,552002156575521
2,27428588867188
0,0282766302426656
1,8677072652181
0,837555694580078
0,111867809295654
1,52007329305013
0,466446240743001
-0,0777398045857747
1,18343900044759
-0,00176852226257324
-0,550617116292318
0,836379267374674
-0,0205950323740641
-0,716722920735677
0,660070571899414
-0,379944979349772
0,869942881266276
1,90393030802409
-1,22488510131836
0,510565897623698
1,26787541707357
-0,998368174235026
0,343868967692057
0,762998453776042
-0,838371607462565
1,49791646321615
-1,42292631785075
-0,849734980265299
1,70933547973633
-1,93306559244792
-0,824937566121419
1,58283467610677
-1,02029225667318
-0,770789235432943
1,32363057454427
-0,295740928649902
-0,868781890869141
0,468416035970052
-0,226995684305827
-0,533189455668131
0,0197409339745839
-0,327957763671875
-0,343872299194336
0
0
0
0
0
0
0
1
0
0
