-0,0270416323343913
0,248383280436198
-0,0967961502075195
-0,0590617418289185
0,241573664347331
-0,184337940216064
-0,0391091402371724
0,132929754257202
-0,287100073496501
0,0728467814127604
0,0134055805206299
-0,416382942199707
0,0782698885599772
-0,0152219458421071
-0,430809084574382
-0,0120927731196086
0,0502188861370087
-0,323459803263346
-0,0171864891052246
-0,00375794251759847
-0,289299519856771
0,0489260530471802
-0,167784748077393
-0,30800594329834
0,12095313390096
-0,430588003794352
-0,32791748046875
0,291448720296224
-1,34190083821615
-0,783443031311035
0,268705113728841
-1,49336456298828
-0,796540832519531
0,260752487182617
0,00121683756510412
-0,700062192281087
-0,079513529141744
1,7189176940918
-0,465369834899902
0,0482942223548889
1,33525914510091
-0,300182234446208
0,208033361434937
1,07571418762207
-0,251097672780355
1,99580731709798
-1,40852823893229
2,44007024129232
2,54834106445312
-2,68048919677734
2,73175618489583
2,23434590657552
-4,51907989501953
2,9233066813151
0,518841145833333
-1,70809051513672
3,13672134399414
0,156593017578125
1,46360239664714
1,34556452433268
0,450817985534668
1,2724467976888
1,20055674235026
0,481602541605632
1,29900655110677
0,864800415039062
-0,395392812093099
-0,282667999267578
-1,41271361033122
-4,27719604492188
0,260762456258138
0,229768575032552
-0,448638610839844
0,685341262817383
0,6995361328125
-0,753247222900391
1,30046483357747
-1,3278581237793
-1,68114776611328
0,66776252746582
-1,10099057515462
0,469438680013021
-1,98045674006144
-0,330860544840495
2,13451665242513
-1,25199073791504
-1,11085678100586
2,2719075012207
1,24609199523926
-1,1013180287679
1,20215914408366
2,18079081217448
-2,0564741007487
0,45313440322876
1,63946406046549
-1,73996785481771
-0,14697857538859
0,942814432779948
-1,06216817220052
0
0
0
0
0
0
0
1
0
0
