0,271871210734049
0,318121089935303
-0,0792894395192464
0,282554982503255
0,230941931406657
-0,0821447817484538
0,280226961771647
0,180281340281169
-0,11426397005717
0,294187361399333
0,171190891265869
-0,160582806269328
0,45149959564209
0,226632385253906
-0,2230988184611
0,403158594767253
0,205604693094889
-0,271361955006917
0,241124095916748
-0,0128008508682251
-0,140427780151367
0,185904041926066
-0,018270468711853
-0,121218306223551
0,219395538965861
-0,0363102579116821
-0,233149185180664
0,652861862182617
1,74671330451965
-0,613890508015951
0,567077941894531
2,5230339050293
0,226698265075684
0,343103167215983
2,11953033447266
0,320438391367594
0,351121775309245
1,86316701253255
0,262917830149333
0,558981526692708
0,79878184000651
1,47982326507568
0,762053451538086
-3,36737620035807
3,40532796223958
1,70217178344727
-1,62707611083984
3,12780090332031
-0,636988932291667
1,00342508951823
1,74851778666178
0,121240272521973
2,10724294026693
0,953098526000977
0,383807805379232
1,01864100138346
0,990926742553711
-0,292540810902913
-1,54756960550944
0,0496282196044922
-2,70133178710937
-2,23719360351563
-1,59056996663411
-2,07488169352214
-1,51366124471029
-1,42377665201823
-1,24148905436198
-1,13472902933757
-1,53544926961263
-1,09574872334798
-1,01637204488118
-1,29388043721517
-0,178239974975586
-0,0254561869303385
-1,25768310546875
0,993999404907226
2,75716674804688
-0,53827174504598
1,04337743123372
2,38448572794596
-0,315367825826009
0,99500737508138
2,05193644205729
-0,443079973856608
0,574658355712891
1,47239542643229
-0,30895970026652
-2,7094932047526
-1,90218119303385
0,32857292175293
-1,64285273234049
-1,49279708862305
0,158653882344564
-1,08454251607259
-1,22412450154622
0,0938103437423706
-0,810248336791992
-0,934653167724609
0,0808294900258382
-1
-1
-1
-1
-1
-1
-1
1
-1
-1