0,373133684794108
0,615627772013346
-0,38636116027832
0,370936266581217
0,545558662414551
-0,40353879292806
0,323746871948242
0,48421443939209
-0,427214279174805
0,312874361673991
0,421566162109375
-0,453249003092448
0,185032335917155
0,287767957051595
-0,398376833597819
0,221547775268555
-0,0197226778666178
-0,246191291809082
0,116924797693888
-0,0349383449554443
-0,182187747955322
0,391994024912516
-0,0476224676767985
-0,262187938690186
0,565807444254557
0,400270341237386
-0,452447128295898
0,591837056477865
2,06401733398437
-0,535228780110677
0,301669324239095
2,11963383992513
-0,323794498443603
1,5711501566569
0,958695780436198
2,16961513519287
0,316530354817708
-1,9458056640625
4,01738037109375
0,0522769673665365
-0,245354843139648
3,16196024576823
0,590203552246094
1,60933242797852
1,96323453267415
-0,0958517710367838
1,79710932413737
-0,3205615234375
-0,067435097694397
0,931804631551107
-0,566187973022461
-0,351785907745361
0,528450164794922
-0,746333745320638
-1,57662556966146
-2,19110412597656
-0,919589182535807
-1,28187604268392
-2,00687850952148
-0,997731424967448
-0,848203150431315
-1,79421717325846
-0,876840362548828
-0,731975631713867
-1,2068717956543
-0,779029846191406
1,74108968098958
2,23640986124674
-0,278095690409342
0,811353530883789
2,30843795776367
-0,404218724568685
0,938337478637695
1,8697890218099
-0,261300868988037
0,76493039449056
1,37896542867025
-0,20028003692627
0,485029067993164
1,09105972290039
-0,186771710713704
-1,95648358662923
-0,372650705973307
0,564650300343831
-2,7258491007487
-1,43896133422852
0,653063100179036
-1,81426752726237
-1,02551910400391
0,120866985321045
-1,20566970825195
-0,649615961710612
-0,14701130549113
-0,743364677429199
-0,330039227803548
-0,332153326670329
-0,534526392618815
-0,226430676778158
-0,384753723144531
0
0
0
0
0
0
0
1
0
0
