0,0496885681152344
0,127365554173787
-0,0476072438557943
0,0343580396970113
0,233208567301432
-0,0672938044865926
-0,074260816971461
0,0825196011861165
-0,0801500876744588
-0,171993751525879
-0,318566252390544
-0,0791523663202922
-0,0969752057393392
-0,319555397033691
-0,139466451009115
-0,115725173950195
-0,320507545471191
-0,257893759409587
-0,0871231269836426
-0,473198788960775
-0,273310686747233
0,0508593273162842
-0,635428225199381
-0,174943329493205
0,107787469228109
-0,903520991007487
-0,155305458704631
0,182783517837524
-2,69554916381836
0,329278256098429
0,0675186061859131
-2,64866577148437
0,368396835327148
0,683370660146077
-1,34634572347005
-0,609040676752726
1,13776479085286
0,321576309204102
-1,05492060343424
0,983888066609701
0,431485773722331
-0,992759908040365
0,680973993937175
0,568107045491537
-0,787659581502279
0,640336494445801
0,480184326171875
-0,860178578694661
2,08028907775879
-2,76099049886068
2,64537569681803
1,14539398193359
-2,44632146199544
3,62742319742839
0,580036417643229
-0,176278381347656
2,61516357421875
-0,0246830876668294
1,45301315307617
2,13197057088216
-0,344127464294434
1,92911738077799
1,06396102905273
-0,473669446309408
1,68439346313477
0,567280693054199
-0,751104787190755
1,24059916178385
0,0733482297261556
-0,75539675394694
-1,66765848795573
-0,276093947092692
-0,48222661336263
-2,68410064697266
-0,967195078531901
0,488679739634196
-3,40530944824219
0,108314476013184
0,212832221984863
-0,600291442871094
-0,623492469787598
0,247340399424235
-0,2666242090861
-0,754386037190755
0,402009830474854
0,908108787536621
-0,397920753161112
0,591400159200033
2,64826304117839
-0,698105943997701
0,57314261118571
2,34728261311849
-1,06178927103678
0,0526899083455404
1,26016436258952
0,17340140024821
-0,570120162963867
0,640595258076986
0,413142255147298
-1
-1
-1
-1
-1
-1
-1
1
-1
-1