-0,301836554209391
0,244562530517578
-0,182480500539144
-0,32592342376709
0,222015374501546
-0,213389886220296
-0,353968175252279
0,21112465540568
-0,193995374043783
-0,446797332763672
0,218491770426432
-0,12885596593221
-0,381305376688639
0,236999003092448
0,0322783772150675
-0,0975920486450195
0,213140983581543
0,0105472429593404
-0,120955858230591
0,0334729035695394
-0,166992947260539
-0,116648184458415
-0,252888889312744
-0,0503772711753845
-0,0498763116200765
-0,439504330952962
-0,0309394677480062
0,268778959910075
0,104696451822917
-1,69662813822428
0,382177289326986
0,36564463297526
-2,19341924031576
0,679912147521973
1,02154158274333
-1,41086219787598
1,11819206237793
2,05801406860352
-0,776876042683919
2,73384033203125
-0,539733123779297
3,06472648620605
1,40760559082031
2,32639007568359
4,61409220377604
1,10274490356445
1,84845998128255
0,798826268513997
0,93608652750651
1,35829124450684
0,844316101074219
0,611103108723958
0,645192019144694
0,622509587605794
-0,869543736775716
-1,61582920710246
0,213091723124186
-1,24960227966309
-3,03322957356771
0,702472864786784
-0,91894282023112
-2,31713902791341
-0,0732831382751465
-0,721805470784505
-1,98722284952799
-0,180329866409302
-0,422772534688314
-1,33172780354818
-0,447440071105957
0,927453943888346
1,99936920166016
-1,56201312700907
1,29207921346029
2,63169169108073
0,113809016545614
1,25886810302734
2,1172737121582
-0,031159143447876
0,838702952067057
1,50976458231608
-0,12905039469401
0,242961546579997
0,78572021484375
0,0171515162785848
-0,359815063476563
0,265919812520345
0,173334929148356
-0,359704373677572
0,105961138407389
0,140768540700277
-0,10724405447642
0,154575392405192
-0,0792257849375407
-0,0167123728990555
0,244528433481852
-0,148785845438639
-0,00740676760673523
0,199457105000814
-0,130781993865967
-1
-1
-1
-1
-1
-1
-1
1
-1
-1