-0,0924736897150675
0,0403110551834106
-0,496756223042806
0,0594231414794922
0,284309266408285
-0,537614199320475
0,0786168495814005
0,400698026021322
-0,493884340922038
-0,100390008290609
0,362067616780599
-0,328473777770996
-0,291305783589681
0,253126017252604
-0,147840102513631
-0,453769569396973
0,203607546488444
-0,0188885609308879
-0,396621297200521
0,0743519258499146
0,151133159001668
-0,281913598378499
-0,058033078511556
0,280564695994059
-0,297475929260254
-0,195508619944255
0,278168004353841
-0,518959693908691
-1,78904304504395
0,0469772895177205
-0,50034486134847
-2,25213231404622
-0,163132807413737
-0,257403697967529
-2,016083984375
-0,349337355295817
-0,179953346252441
-1,79923227945964
-0,300656471252441
0,822470483779907
-1,30273513793945
-0,49071356455485
2,34422017415365
-0,857713190714518
-0,896200942993164
2,1662912495931
-0,452055409749349
-0,784330012003581
1,50842493693034
1,78886766433716
-1,21779083251953
1,76286880493164
2,23325164794922
-1,28244511922201
2,82068583170573
0,543463846842448
4,4960134379069
-0,498389180501302
-0,301430053710938
5,42375244140625
-1,32336069742839
-0,00586903889973955
4,14848154703776
-0,898332824707031
1,0138666788737
2,79074839274089
-0,508272361755371
1,64196431477865
1,0664429473877
-1,52740725199382
0,68425053914388
0,0181195831298828
-2,91148742675781
-1,29585433959961
-1,01320546468099
1,07104888916016
-1,62510528564453
-1,11480430603027
0,298726056416829
-0,703404935201009
-1,63724309285482
0,155375823974609
-1,17530904134115
-0,227699267069499
0,535223236083984
-0,252947877248128
-0,677286605834961
0,904639892578125
2,08050122261047
-0,36678414662679
1,23715189615885
3,32329325358073
-0,42258851369222
-0,431401494344076
2,13160237630208
-1,42994913736979
-1,10828048706055
1,43312019348145
-1,16854911804199
0
0
0
0
0
0
0
1
0
0
