-0,471624323527018
-0,0357550565401713
0,364129625956217
-0,344437910715739
-0,029293839931488
0,436060943603516
-0,105282723108927
-0,0325711663564046
0,429732907613118
-0,0838104788462321
-0,234592068990072
0,207013136545817
-0,0601737387975057
-0,562154273986816
0,0269342358907064
0,040162722269694
-0,71755381266276
-0,102480777104696
0,313313032786051
-0,749906260172526
-0,407620493570964
0,706336046854655
-0,666587829589844
-0,559134394327799
0,861398239135742
-0,647500801086426
-0,422463811238607
1,14127774556478
1,7073230044047
-0,784061635335287
1,30883417765299
1,26103485107422
0,398140754699707
1,39657623291016
-0,64479372660319
4,0422900390625
3,24269973754883
-2,58645207722982
4,26999776204427
1,41359018961589
-1,66029424031576
4,98382090250651
-0,213453852335612
1,15463053385417
2,59384134928385
0,164486687978109
0,537009785970052
0,25993795077006
-2,99060343424479
-0,251406472524007
-1,7804377746582
-3,93016764322917
-1,97107030232747
-0,251676139831543
1,14223513285319
-1,05849060058594
-0,651280835469564
2,7698524983724
-0,933770446777344
-0,374529317220052
-0,648882280985514
-2,40919815063477
1,29608375549316
-0,353965034484863
-1,86662409464518
-0,116517461140951
0,893532257080078
0,364742380777995
-0,497276318868001
1,66480242411296
3,50708984375
-0,752777201334636
-1,28713205973307
1,47608790079753
-1,09207275390625
-1,77039510091146
0,314353510538737
-1,61510599772135
-1,3724294535319
0,118457460403442
-1,4167919921875
-2,22481028238932
-0,981686229705811
0,0614086405436198
-1,57452011108398
-1,03471425374349
0,472117640177409
-0,977223510742188
-0,662240384419759
0,319953117370605
-0,411138636271159
-0,374601135253906
0,180503514607747
-0,10785649617513
-0,256939849853516
0,083095604578654
-0,117810246149699
-0,203052825927734
0,0541806523005168
0
0
0
0
0
0
0
1
0
0
