-0,208476289113363
0,0157324330012004
-0,0734609150886536
-0,408590278625488
-0,0738339710235596
0,0503378351529439
-0,597439397176107
-0,168956648508708
0,114478584925334
-0,683532053629557
-0,183173128763835
0,121991631189982
-0,48412478129069
-0,168652963638306
0,123810405731201
-0,246500612894694
-0,321682195663452
0,0347471570968628
-0,306973946889242
-0,537900492350261
-0,151250782012939
-0,207338600158691
-0,82244987487793
-0,227805143992106
-0,0211321226755778
-1,06470301310221
-0,335810368855794
1,29726923624674
-0,146643905639648
-1,9650998433431
1,3034342956543
0,445530001322428
-2,12779510498047
1,18803873697917
0,639970334370931
-1,57017298380534
1,09467188517253
0,901880264282227
-1,34332458496094
1,00589988708496
1,1003670501709
-0,986819076538086
0,773662872314453
-0,793120498657227
3,90444163004557
1,58365829467773
-1,42672119140625
4,69040079752604
-0,032702891031901
-0,706483205159505
4,1856157430013
0,201257934570312
1,69102661132812
2,97671508789063
-0,391189206441244
1,25897791544596
2,26491114298503
-1,10216735839844
1,34418111165365
-1,12529164632161
-2,47432581583659
-0,114845987955729
-0,122205677032471
1,79181238810221
-1,84820526123047
-0,303282076517741
-1,31848355611165
-2,24868631998698
-0,620342814127604
-0,0811924235026042
-3,30163838704427
-0,0553891245524089
0,323204714457194
-0,601630554199219
-1,11696713765462
1,26657119750977
2,51754872639974
-1,11086657206217
1,31087155659993
3,00519877115885
-0,26890921274821
0,475985336303711
1,97679972330729
-0,56092233022054
0,328083572387695
1,67977844238281
-0,80975471496582
-0,954353427886963
0,404769007364909
-0,309554074605306
-2,33455607096354
-1,12661911010742
0,309353116353353
-1,48952219645182
-0,692425257364909
0,314102713267008
-0,952000859578451
-0,379633204142253
0,216731872558594
0
0
0
0
0
0
0
1
0
0
