-0,238609689076742
0,206443945566813
-0,399684524536133
-0,236245250701904
0,302192834218343
-0,421980247497559
-0,233984966278076
0,298517589569092
-0,45820317586263
-0,230818417867025
0,242550392150879
-0,512777608235677
-0,235456765492757
0,150810108184814
-0,575121726989746
-0,236566664377848
0,112111002604167
-0,598095817565918
-0,204398962656657
-0,0590401903788249
-0,584975738525391
-0,183579031626383
-0,123898242314657
-0,615853131612142
-0,0996564022699992
-0,306963119506836
-0,57561149597168
0,682563920021057
1,36948914845785
0,230908889770508
1,06173258463542
-1,5321684773763
3,63575215657552
0,00625487009684243
-0,975284271240234
2,05537577311198
0,450654958089193
-0,406422437032064
1,71032903035482
0,375207252502441
-0,340700174967448
1,37420026143392
0,400930137634277
-0,415226872762044
0,941250279744466
0,839296646118164
2,34662841796875
-2,75073649088542
0,323410975138346
1,59488789876302
-2,91689717610677
-0,907714157104492
-0,360994720458984
-2,56302978515625
-0,404926923116048
-0,97869150797526
-1,94711817423503
-0,225120868682861
-0,911163101196289
-1,32332809448242
2,00425569534302
-1,21463857014974
0,482256266276042
2,41080042521159
-2,39890655517578
5,75490356445313
0,352557423909505
-1,37477895100911
4,77894571940104
-0,913019307454427
-0,736853879292806
1,66562372843424
-0,689874623616536
-0,325388768513997
1,36063954671224
-0,577403182983398
0,134977111816406
1,12831975301107
-0,39315377553304
0,00241138299306234
0,706564254760742
-0,0908149909973145
0,904056727091471
-2,37635299682617
-2,11483177185059
-1,01019195556641
-0,958691991170248
-2,85662384033203
-1,38688451131185
-0,86223149617513
-1,59696904500326
-0,940911738077799
-0,798326009114583
2,1999408976237
0,900835647583008
-0,848063227335612
1,86608769734701
0,860883280436198
-0,959961598714193
0
0
0
0
1
0
0
0
0
0
