0,119410282770793
-0,0262780368328094
-0,258029791514079
-0,00657636801401774
-0,0630991093317668
-0,20600066502889
-0,0326703238487244
-0,0746913083394369
-0,224688421885173
0,0842109036445618
0,0599167362848918
-0,287149937947591
0,196763712565104
0,305704917907715
-0,367438545227051
0,330587622324626
0,549708455403646
-0,520517896016439
0,331118011474609
0,284183750152588
-0,691103846232096
0,172660420735677
-0,305036010742188
-0,635514984130859
0,250956815083822
-0,258204065958659
-0,446006056467692
2,18153165181478
0,13353536605835
2,52472970962524
-0,688606669108073
2,7507041422526
4,38867248535156
-0,557447865804036
1,5257813390096
2,33043487548828
0,388327941894531
-0,0508161449432373
-0,440752665201823
1,18657908121745
1,99529485066732
-6,19518575032552
-0,969739710489909
1,05969842910767
-2,47976725260417
0,178348391850789
-1,50771194458008
0,755112508138021
0,893996381759644
-0,621244939168294
1,04500447591146
1,64571248372396
-0,333838144938151
4,81918365478516
-3,37018442789714
-1,1257347869873
5,48326019287109
-1,4912627919515
-0,277174886067708
0,978570836385091
0,377455234527588
1,94127115885417
0,107684841156006
-0,248775418599447
1,56552088419596
-1,51132302284241
-3,65742594401042
-1,52983072916667
1,69082702636719
-3,76679189046224
-3,32636393229167
-1,00690427144368
-0,781909573872884
-0,267692387898763
-1,57946955362956
-0,211813726425171
-0,0763744195302327
-1,49835474650065
0,0895126787821452
0,0335592722892761
-1,40328043619792
0,076962087949117
-0,15755285580953
-1,1150993347168
-0,0499402443567912
-0,283853130340576
-0,800594075520833
-0,0395656212170919
-0,265453414916992
-0,580205777486165
-0,00677550594011943
-0,220610294342041
-0,396106491088867
-0,0399550072352091
-0,222652651468913
-0,258191216786702
-0,0455614105860392
-0,243256053924561
-0,110526186625163
0
0
0
0
1
0
0
0
0
0
