0,0432566181818644
-0,0608738231658936
-0,304947770436605
-0,0293888068199158
-0,0161951406796773
-0,365448176066081
-0,0309056663513184
0,0460022862752279
-0,425117149353027
0,0179237294197083
0,162193886439006
-0,526398137410482
0,0934438228607178
0,217967109680176
-0,663003018697103
0,064914436340332
0,294169228871663
-0,873198776245117
-0,0362265451749166
0,310372123718262
-0,888425979614258
-0,0489713986714681
0,336141688028971
-0,77971669514974
0,0825518290201823
0,528551940917969
-0,598315734863281
1,49699371337891
0,733157577514649
2,0854696337382
2,27702362060547
1,69748499552409
4,99809997558594
-0,307962341308594
2,49226684570312
2,48412227630615
0,215699183146159
0,882115173339844
0,203837687174479
1,60190397898356
0,0266036224365234
-4,33677652994792
-0,589154001871745
0,484405949910482
-5,31321818033854
-0,988314768473307
-0,55169132232666
-1,36410161336263
-0,657707290649414
-0,490498555501302
-1,27848726908366
-0,224459444681803
0,631154702504476
-0,654117279052734
2,92115961710612
1,18819384256999
1,54763829549154
3,50364857991536
-2,70257680257161
5,9556352742513
3,49588612874349
-1,55813761393229
5,66974548339844
-1,26532358805339
0,41500254313151
2,1116167195638
-0,942788619995117
1,34900700887044
1,33611902872721
-0,218422317504883
1,31302113850911
-1,56460049947103
-1,07855069478353
-0,680289815266927
-2,46241521199544
-2,32702672322591
-1,27183771769206
-1,635400390625
-2,20360193888346
-0,755284194946289
-1,07275917053223
-1,61783162434896
-0,585809987386068
-1,10490570068359
-1,03971923828125
-0,346897570292155
-1,08943239847819
-0,844763793945313
-0,327547264099121
-0,91617182413737
-0,860276133219401
-0,474505144755046
-0,590573984781901
-0,843989512125651
-0,740170313517253
-0,305800081888835
-0,544325955708822
-0,74497673034668
-0,250022652943929
0
0
0
0
1
0
0
0
0
0
