0,302805919647217
0,0475204499562581
-0,286262874603271
0,478841959635417
0,116753662427266
-0,34434897740682
0,598051401774089
0,199708105723063
-0,370356038411458
0,617855262756348
0,239694881439209
-0,369926427205404
0,580049896240234
0,279222227732341
-0,403702672322591
0,514028485616048
0,244851945241292
-0,417296244303385
0,50744192759196
0,177868423461914
-0,51320925394694
0,478179753621419
0,206723295847575
-0,656506207784017
0,608699226379395
0,272461706797282
-0,742495574951172
0,0235265731811523
-0,00465307235717775
-1,02286394755046
-0,579634170532227
-0,123987824122111
-0,945086008707682
-0,278335507710775
0,0104673290252686
-0,668566907246907
1,35486846923828
2,12340006510417
2,8324446105957
1,76337239583333
1,77824096679688
4,73612528483073
-1,13649078369141
2,71405029296875
2,06111228942871
-0,244096298217773
1,57093841552734
0,045294926961263
1,88429992675781
1,34026845296224
-4,50079193115234
0,0963767496744792
0,455025634765625
-5,81982727050781
-0,153195362091064
-1,34936014811198
-0,0164325841267904
0,165981273651123
-1,6507856241862
0,0302248922983805
1,14834753672282
-0,906057713826497
0,099001145362854
3,85234171549479
-1,99452748616536
1,50384262084961
2,94201914469401
-2,1629638671875
5,08580505371094
-0,580804201761882
-0,418284962972005
1,76517435709635
-0,477262217203776
0,601577911376953
1,4161740620931
0,111095377604167
0,900843264261881
-1,29577562967936
-1,16877321879069
-0,912798411051432
-1,67849761962891
-2,80774495442708
-1,70850992838542
-0,823634974161784
-2,91379364013672
-1,49272888183594
-0,408421948750814
-2,05281448364258
-0,667654978434245
-0,506294301350911
-1,55978637695313
-0,567667744954427
-0,509067471822103
-1,08318758646647
-0,496397755940755
-0,425698776245117
-0,763546880086263
-0,581992111206055
-0,294304008483887
0
0
0
0
1
0
0
0
0
0
