-0,0114073610305786
0,21110253016154
-0,255639947255452
-0,0329220553239187
0,171808185577393
-0,265383288065592
-0,025159056186676
0,280675932566325
-0,272383575439453
0,0166715006033579
0,283456878662109
-0,311598879496257
-0,0470109367370605
0,312808087666829
-0,384770367940267
-0,0947051382064819
0,368395195007324
-0,639985109965007
-0,199312756856283
0,489869028727214
-0,894143981933594
-0,228682117462158
0,611356811523437
-0,890754063924154
-0,0327440945307414
0,565952962239583
-0,799176584879557
1,73731021563212
1,1159033203125
0,371006139119466
4,35236633300781
-2,09186131795247
3,71583374023438
1,08178726196289
-1,58487640380859
4,49077372233073
-0,242475420633952
-1,65597890218099
1,18510284423828
-0,20004581451416
-0,952871831258138
0,939424692789714
-0,106233692169189
-0,713434346516927
0,693759562174479
0,867856769561767
-0,695084609985352
-2,23869842529297
0,11815793355306
-0,948723449707031
-4,42416473388672
-0,918448333740234
-0,822226816813151
-2,91352386474609
0,164541823069255
0,0246768760681152
-1,95358764648437
0,212285060882568
1,54405764261882
-1,12258130391439
3,70934951782227
1,92232137044271
1,70296227773031
3,71715494791667
0,809232482910156
6,82106506347656
0,939905141194661
-0,733427276611328
5,35506754557292
-0,384578653971354
-0,979134038289388
2,38190409342448
-0,639230550130208
-1,12972223917643
1,56235580444336
-0,714311955769857
0,567978363037109
-1,70938898722331
-2,92935577392578
-1,30120086669922
1,01562998453776
-4,74608520507813
-1,81482386271159
-0,78961430867513
-0,998182144165039
-0,995823440551758
-1,58535807291667
-0,296675179799398
-0,706870053609212
-1,68194905598958
0,152320864995321
-0,497992858886719
-1,6432768758138
0,163421392440796
-0,460563303629557
-1,49353190104167
-0,103336222966512
-0,483301887512207
-1,12840998331706
-1
-1
-1
-1
1
-1
-1
-1
-1
-1