-0,072721217473348
0,288258101145426
-0,35398743947347
-0,117092866897583
0,222767715454102
-0,406959292093913
0,0112896124521891
0,226653200785319
-0,710502916971842
0,084428965250651
0,227982241312663
-0,92596799214681
-0,0443331654866536
0,117306238810221
-0,772476984659831
-0,132538242340088
0,145137071609497
-0,760064570109049
-0,0926445611317953
0,253789927164714
-0,790917612711588
-0,0256100710233053
0,266120160420736
-0,691093482971191
0,0496272842089335
0,54328483581543
-0,596406122843425
1,89768143971761
0,475698750813802
1,4587665049235
1,31031616210938
-3,76446818033854
3,3413417561849
0,22336498260498
-1,46100809733073
0,327482706705729
0,124783471425374
-0,375973472595215
0,0960674285888672
0,124921080271403
-0,499591700236003
0,31250670115153
0,0574951656659444
-0,663660558064779
0,397804069519043
-0,0495170680681864
-0,608261540730794
0,297121143341064
-0,0634101756413778
-0,406430943806966
0,134046093622843
0,0516756629943848
-1,0572925567627
-1,04298210779826
0,260246353149414
-1,46084711710612
-4,53017425537109
-0,0983417638142904
-0,511430943806966
-2,77882293701172
-0,0429960854848226
-0,290217005411784
-1,95246063232422
0,43214106241862
0,0523179817199707
-0,74108891805013
3,07597106933594
-1,02663736979167
5,08238606770833
-3,14288208007813
-0,383906860351563
6,70144856770833
0,451019477844238
0,653465296427409
1,90362182617188
0,315156059265137
0,126463832855225
1,40376093546549
-2,60040686289469
1,22996172587077
-0,269283142089844
-3,84757202148438
-2,88504038492839
2,23982508341471
0,274724146525065
-1,23686504364014
-1,07364888509115
1,13646413167318
0,873692677815755
-2,22002675374349
0,959886474609375
0,669581095377604
-1,94579503377279
0,766294123331706
0,528101921081543
-1,65614293416341
0,571493225097656
0,369350051879883
-1,37228841145833
0
0
0
0
1
0
0
0
0
0
