-0,132463010152181
0,105527114868164
-0,27308910369873
-0,106103455225627
0,256137409210205
-0,29418171564738
-0,064854211807251
0,457216250101725
-0,300876585642497
0,0092329478263855
0,645723342895508
-0,366447588602702
0,167511647542318
1,0006977335612
-0,587796541849772
0,269127820332845
1,08574544270833
-0,78803352355957
0,0721300991376241
0,908053894042969
-0,694153594970703
0,05571315685908
0,697070846557617
-0,601183382670085
0,283690217336019
0,790420684814453
-0,349222653706869
2,0087703704834
-3,36450113932292
2,47071249008179
0,318914451599121
-1,61129623413086
2,15340830485026
0,186335646311442
1,52827311197917
0,831716588338216
0,0976865800221761
0,882012990315755
0,820102233886719
0,00351265589396159
-0,0620035616556803
0,355163923899333
-0,424804458618164
-0,783210906982422
-0,405061429341634
-0,131787649790446
-0,693699620564779
-1,27956174214681
0,019303518931071
0,118857625325521
-2,7759130859375
0,203498903910319
0,715097185770671
-4,11139333089193
0,0335375086466471
1,64227508544922
-2,17122802734375
0,259015604654948
2,20376434326172
-0,836557286580404
3,19498514811198
0,846990280151367
3,73777900695801
-5,82704060872396
-1,17948554992676
2,92164469401042
-0,603764572143555
2,10490661621094
3,13901295979818
0,860976193745931
1,22616475423177
0,783642272949219
-2,98354237874349
1,25874038696289
-1,27171849568685
-3,46623809814453
-3,59855448404948
2,25588114420573
0,657368621826172
-2,18249455769857
-0,0841389083862305
1,14514712015788
-0,833209711710612
-0,748405609130859
0,812220153808594
-0,723280792236328
-0,658187777201335
0,338155110677083
-0,666039479573568
-0,627272529602051
0,175938040415446
-0,618067143758138
-0,551493746439616
0,345841337839762
-0,379253590901693
-0,544829330444336
0,499517695109049
-0,218206272125244
-0,581980374654134
-1
-1
-1
-1
1
-1
-1
-1
-1
-1