0,114852043787638
-0,31234047571818
-0,168346249262492
0,0687760988871256
-0,237822672526042
-0,189827728271484
0,0341381947199504
-0,181840229034424
-0,181196606953939
0,00106070270140966
-0,0784686104456584
-0,243935680389404
-0,00772049774726232
-0,0653863684336344
-0,277093397776286
-0,013249789873759
-0,143861440022786
-0,279530709584554
0,0175511431694031
-0,254981880187988
-0,355526847839355
0,0752520767847697
-0,381031023661296
-0,435827624003092
0,258191496531169
-0,217496617635091
-0,487235488891602
0,272547098795573
-1,19123784383138
1,65905221939087
-0,380925877888997
-1,75484766642253
1,45603429158529
0,150171184539795
-1,73777577718099
0,985490290323893
0,256781984965007
-1,69864649454753
0,257608286539714
0,230729014078776
-1,83182535807292
0,234955705006917
0,386464099884033
-2,28421330769857
0,292979456583659
0,488442535400391
-2,32969874064128
0,2762921778361
-0,176522496541341
0,0461720784505209
-0,914629910786947
-0,921257756551107
0,971805038452149
-1,47240142822266
-0,712791976928711
0,683924916585286
-1,38510411580404
-0,616228892008464
0,493449897766113
-1,35477157592773
-0,432098274230957
0,206745306650798
-1,16491678873698
-0,161451918284098
-0,0817383829752604
-0,697224133809408
0,0269257465998332
-0,87264710744222
0,230285212198893
1,36043416341146
-2,86500727335612
5,0948041788737
-1,70001281738281
-1,40048337300618
1,95981867472331
-1,23488372802734
0,00494232177734373
1,71096405029297
-1,41104329427083
0,723660825093587
-1,19735982259115
-1,94162200927734
-1,04071197509766
0,588952000935872
-2,63901128133138
-2,04154093424479
0,164327646891276
-2,77973388671875
-2,38517125447591
-0,266384855906169
-1,42982187906901
-1,76399347941081
-0,286514759063721
-0,65196408589681
-1,14967745463053
-0,559658037821452
-0,190219930013021
-0,780143178304036
-0,754989573160807
0
0
0
0
1
0
0
0
0
0
