-0,000840747356414795
-0,183095862070719
-0,198174203236898
0,016186957359314
-0,135869153340658
-0,253236624399821
0,00113167524337769
-0,12494283358256
-0,242516345977783
0,0794895060857137
-0,0977668857574463
-0,284129931131999
0,226215985616048
-0,0419299777348836
-0,336328010559082
0,366364936828613
0,0380150810877482
-0,396526247660319
0,2679558690389
-0,0140336175759633
-0,432355143229167
0,191310183207194
-0,128808778127035
-0,4103742090861
0,31126563390096
0,0357455603281657
-0,512226308186849
-0,435229161580404
0,812007128397624
2,27522476832072
-1,7987559000651
-1,70272481282552
2,83085403442383
0,420363159179687
0,0363262335459391
0,479876569112142
0,369863726298014
-0,111865035692851
0,375054423014323
0,156581179300944
-0,390970649719238
0,398330548604329
0,0888495826721191
-0,800469233194987
0,374089609781901
0,365546677907308
-0,733913447062175
-1,57149077097575
-0,529921506245931
0,246018651326497
-2,30404927571615
-0,727693532307943
-0,519158757527669
-2,9138720703125
-0,652380307515462
-1,71295054117839
-1,93959233601888
-0,377231667836507
-1,30466445922852
-1,29566108703613
2,15783864339193
-0,829855651855469
3,34994580586751
-6,12025695800781
0,803244120279948
2,6768105061849
-1,05955691019694
1,26137827555339
2,51593617757161
-0,754798266092936
1,19982228597005
1,61708625793457
-0,899188346862793
1,35156908671061
-1,29674817403158
-0,982480875651042
0,916902567545573
-1,03944964090983
-0,930740000406901
0,694368629455566
-1,08552586873372
-0,865719045003255
0,529441286722819
-0,8946888478597
-0,618163973490397
0,522536443074544
-0,722028986612956
-0,322823581695557
0,528615926106771
-0,597304534912109
-0,114167965253194
0,519766858418783
-0,503975219726562
0,0391561285654704
0,489374402364095
-0,384151891072591
-0,00633706092834473
0,403867467244466
-0,249924227396647
-1
-1
-1
-1
1
-1
-1
-1
-1
-1