0,402366536458333
0,00119464238484701
-0,536368916829427
0,266880950927734
0,112199684778849
-0,674385630289713
0,0585472869873047
-0,0649848333994548
-0,484754587809245
0,138191445668538
-0,0189716815948486
-0,502248420715332
0,37574405670166
0,25181484858195
-0,682985572814941
0,61465991973877
0,52430347442627
-0,820185877482096
0,925877583821615
0,766341857910156
-0,980380528767904
0,715828526814779
0,691742960611979
-1,03170918782552
0,479116681416829
0,592003479003906
-0,847033971150716
1,31595114390055
0,506303215026855
1,68456083933512
0,255273895263672
0,680540771484375
2,40395833333333
-0,0523058954874674
1,66533953348796
0,171970926920573
0,0647173388799032
1,7067079671224
-0,541986707051595
-0,0607128699620565
1,02874608357747
-0,372987047831217
-0,0490727186203003
0,399613170623779
-0,232516288757324
-0,0362254198392232
0,156446123123169
-0,139584905306498
0,0924417622884115
-0,205332250595093
-0,0469804048538208
0,165618588129679
-0,398601347605387
-0,462190176645915
-0,487959639231364
0,23917978922526
-2,41650970458984
-1,02959452311198
-1,22769470214844
-0,795129750569661
0,144198624293009
-2,10620630900065
1,05994069417318
0,0757764291763306
-1,0210758972168
1,43783264160156
-0,00274765968322753
-0,0772029368082682
4,39843322753906
1,92731943766276
-0,671266632080078
4,85184611002604
-0,0579575856526693
0,708023643493652
2,53524103800456
0,258511746724447
1,30394571940104
1,56946767171224
-0,489509512583415
0,243400650024414
1,44011296590169
-3,43328063964844
-2,91475891113281
0,688916091918945
-2,16413655598958
-1,67120549519857
-0,987540842692057
-1,49345926920573
-1,08749025980631
-1,06760510762533
-1,29591634114583
-0,8769970703125
-1,10160626729329
-1,25560679117839
-0,84748769124349
-0,975826034545898
-1,01955126444499
-0,59808842976888
-0,860514500935872
-1
-1
-1
-1
1
-1
-1
-1
-1
-1