0,225053151448568
0,315789845784505
-0,375259017944336
0,143710940678914
0,300322882334391
-0,386985893249512
0,0657286071777344
0,282720705668132
-0,35296152750651
0,0164688887198766
0,247820269266764
-0,408631451924642
0,0355239329735438
0,374830652872721
-0,573540878295899
0,0424217255910238
0,290458437601725
-0,761673990885417
-0,133174956639608
-0,0487582969665527
-0,828089752197266
-0,173196824391683
-0,431827742258708
-0,724226633707682
0,105469404856364
-0,58133290608724
-0,552503954569499
1,68862962086995
-0,342414321899414
2,79488070170085
1,24060264587402
0,129908876419067
5,93962117513021
0,0108414713541666
-0,0631849956512451
2,56015360514323
-0,548335355122884
-0,0983119455973307
0,742129643758138
1,40722709655762
0,892082284291585
-2,58866808573405
-0,145078837076823
3,3266015625
-4,91728820800781
-0,830003611246745
-0,343596725463867
-1,65186711629232
-0,59364143371582
-0,338914998372396
-1,44536931355794
-0,385777308146159
-0,24259204864502
-1,03137631734212
0,391500498453776
1,59602848688761
-0,362151883443197
4,0427631632487
0,529314270019531
2,4748871866862
2,47720876057943
-1,94620483398437
7,55245524088542
0,568489526112874
-2,53776448567708
5,93731750488281
-0,346622708638509
0,136185766855876
2,65366811116536
-0,47507926940918
0,0529140535990397
2,19718002319336
-0,396743202209473
0,0201071548461914
1,60983159383138
-0,273450667063395
0,00881368478139242
0,695483220418294
-0,282860196431478
0,000695123672485352
-0,0129198392232259
-0,493696136474609
-0,0618016930421193
-0,373323364257812
-0,796830749511719
-0,211742655436198
-0,473508567810059
-0,819444630940755
-0,181104838053385
-0,621723925272624
-0,509919764200846
0,00374478499094645
-0,619937731424967
-0,282598927815755
0,0756053670247396
-0,547218119303385
-0,298607832590739
0,0881938584645589
-0,534686024983724
-1
-1
-1
-1
1
-1
-1
-1
-1
-1