-0,150832913716634
-0,412877960205078
-0,588945503234863
-0,146423823038737
-0,225386784871419
-0,765890858968099
-0,0836735423405965
-0,0614917532602946
-0,923322321573893
0,088038649559021
0,0711420957247416
-1,08431177775065
0,404936841328939
0,340588353474935
-1,29211822509766
0,445382194519043
0,35249703725179
-1,32218668619792
0,246382815043132
0,0748907478650411
-1,17869338989258
0,250794773101807
-0,114767684936523
-0,990143737792969
0,319228750864665
-0,079238559405009
-0,742987518310547
1,46463394165039
-0,858304642041524
2,49195344289144
1,71124689737956
-1,75890625
5,27351481119792
2,26441253662109
-4,0613515218099
4,41283487955729
-0,443253326416016
-1,29817347208659
0,226566034952799
-0,528556811014811
-0,677279281616211
-0,36905527750651
0,185364379882813
-0,174588521321615
-2,21832117716471
-1,25715024312337
-1,01312586466471
-3,03331766764323
-0,0634565226236979
0,558057454427083
-3,08347452799479
-1,25756463368734
1,2780534362793
-2,63481816609701
-1,36876052856445
1,01044095357259
-2,04906046549479
-0,932517878214518
0,832703577677409
-1,57627955118815
-0,639139467875163
0,77610829671224
-1,14061665852865
0,2015984471639
0,876117070515951
0,240691426595052
2,83696624755859
-1,47650899251302
5,69105723063151
1,52664352416992
-1,04762237548828
6,82612386067708
-0,237848765055339
-0,890743045806885
5,85970255533854
-0,228243560791016
0,445833492279053
3,76218963623047
-1,03785415649414
0,615780359903971
1,8959858194987
-0,944626541137695
0,218431491851807
1,61466364542643
-0,822306162516276
-0,0961359437306722
1,24274553934733
-0,736058934529622
-0,198986015319824
0,563078365325928
-2,51752782185872
-1,20827870686849
-0,779144980112711
-2,82232401529948
-1,69781285603841
-1,38058603922526
-1,76605214436849
-1,40752380371094
-1,33842254638672
-1
-1
-1
-1
1
-1
-1
-1
-1
-1