0,0228249979019165
-0,0826483567555746
-0,729233754475911
0,118462963104248
0,0292283089955648
-0,879309336344401
0,262066802978516
0,124481191635132
-0,915302480061849
0,306516596476237
0,287792421976725
-1,00824396769206
0,257750492095947
0,389091720581055
-0,982212168375651
0,38872350692749
0,512467880249023
-0,937484130859375
0,495830078125
0,41100092569987
-0,939969787597656
0,338699213663737
0,132697540918986
-0,827534484863281
0,26936554590861
0,0972520558039347
-0,506797440846761
0,359738311767578
-0,297291889190674
1,59365000406901
1,23231325785319
0,69340326944987
2,41054692586263
0,919495900472005
0,588451563517253
2,12424224853516
0,722068812052409
0,457672335306803
1,44663441975911
-0,152229537963867
1,65484169006348
-3,45472778320313
-0,465021769205729
-0,768193842569987
-0,866729583740234
-0,207935256958008
-0,739553146362305
-0,594942741394043
-0,0811414750417074
-0,631857147216797
-0,277602608998617
2,21739003499349
-0,841990203857422
4,87461395263672
-0,202276407877604
-0,948038686116536
4,2429140218099
-0,393312174479167
0,336835759480794
0,903182067871094
-1,14629002888997
0,293000043233236
-1,30347938537598
-3,67011408487956
-1,3768877919515
0,112570826212565
-2,16724304199219
-2,21278818766276
0,71825070699056
-1,68625869750977
-1,56482264200846
0,334112847646077
-1,03187433878581
-0,88524403889974
0,177846597035726
-0,663364079793294
-0,534123026529948
0,111031169891357
-0,53505864461263
-0,518623975118001
0,154657964706421
-0,311627337137858
-0,428763211568197
0,166901995340983
-0,166555500030518
-0,345513585408529
0,121999648412069
-0,145125128428141
-0,334881172180176
0,0359448266029358
-0,125592301686605
-0,309907321929932
-0,0144418470064799
-0,0649386652310689
-0,251295382181803
-0,0325351842244466
-0,0240757854779561
-0,267094198862712
0,00391411145528158
-1
-1
-1
-1
1
-1
-1
-1
-1
-1