0,226906331380208
0,210506496429443
-0,453270848592122
0,241722424825033
0,178614247639974
-0,502395350138346
0,261707744598389
0,210782674153646
-0,649613291422526
0,308605995178223
0,289272168477376
-0,718104426066081
0,494171498616536
0,332296015421549
-0,714800542195638
0,521555913289388
0,390208180745443
-0,757811330159505
0,181649891535441
0,0615174070994059
-0,66299503326416
0,150184815724691
-0,137675895690918
-0,591961606343587
0,179686756134033
0,00859401702880859
-0,545261255900065
1,23613498687744
0,604873822530111
2,06012868881226
-0,378305104573568
0,218656158447266
3,13578216552734
-0,293296229044596
0,654442291259766
2,3106596883138
0,896264979044596
1,10959223429362
1,98123413085937
0,663053817749023
0,465126571655273
0,593844604492188
-0,670305582682292
0,191599782307943
-3,94976704915365
0,26081662495931
0,8517333984375
-1,15629892985026
0,0723039325078328
0,347739696502686
-1,11030934651693
0,0980793539683024
0,139129180908203
-0,73007760365804
0,0442461713155111
0,26161034266154
-0,430426165262858
0,720613199869792
-0,283914801279704
4,32132242838542
-0,715094401041667
0,484765167236328
6,91302734375
-0,470480346679688
0,899726181030273
3,8340571085612
0,170620346069336
1,28598770141602
1,09757563273112
0,158199907938639
1,17483558654785
1,00894485473633
0,256025689442952
0,94900639851888
0,540707632700602
0,225394350687663
0,811994934082031
0,00763314247131348
0,0974453862508138
0,786822026570638
-0,297424653371175
-0,363919385274251
0,519208539326986
-0,313550669352214
-0,490290756225586
0,373189786275228
-0,401302897135417
-0,347845751444499
0,476663856506348
-0,410422770182292
-0,264121430714925
0,525656331380208
-0,281499722798665
-0,251151320139567
0,537354838053385
-0,117958296140035
-0,415662155151367
0,383905207316081
0,0460575675964356
-1
-1
-1
-1
1
-1
-1
-1
-1
-1