-0,193165378570557
-0,0172122208277384
-0,338328170776367
-0,411024983723958
-0,0741461245218913
-0,288226038614909
-0,405816205342611
0,0171515472730001
-0,285290101369222
-0,351603736877441
0,0847107617060344
-0,407345682779948
-0,450371932983398
0,0728752104441325
-0,580780220031738
-0,402191276550293
0,169915545781453
-0,676871109008789
-0,210526243845622
0,276368700663249
-0,84988530476888
-0,188613465627035
0,11048583984375
-0,892291539510091
-0,0910170443852742
-0,165545825958252
-0,619950523376465
1,5037665605545
-1,18172094980876
2,1428458849589
0,516365089416504
-1,34947377522786
4,34848266601562
-0,287672004699707
-0,846873499552409
3,47898671468099
-0,882933858235677
-0,28482453028361
1,43698537190755
-0,50645923614502
0,0639554595947266
-2,34689033508301
-0,474518152872721
1,03416768391927
-5,00695048014323
-0,682660026550293
-2,19074818929036
-2,15860666910807
-0,361385580698649
-1,73357116699219
-1,51999267578125
-0,281376686096191
-1,18515520731608
-0,970570500691732
2,25719228108724
-0,857138163248698
5,53072509765625
0,490702107747396
-2,09119669596354
8,08032796223958
-0,294226837158203
-1,89465571085612
4,97142801920573
-0,173694016138713
-1,31336034138997
2,29304229736328
-0,140372454325358
-1,15388956705729
1,57809499104818
-4,29093505859375
-2,45589955647786
0,469897880554199
-3,25098759969075
-2,87242833455404
-0,364193598429362
-1,53952962239583
-1,41972295125326
-1,3135104115804
-0,730526428222656
-0,723083012898763
-1,23273020426432
-0,16959459622701
-0,31172815322876
-1,00845486958822
-0,0150405335426331
-0,153000243504842
-0,819715067545573
-0,00114789525667826
-0,12487509727478
-0,618770421346029
0,0747758801778158
-0,0219947799046834
-0,498507601420085
0,120415573120117
0,124367682139079
-0,440258712768555
0,144218994776408
0,209376532236735
-0,395327555338542
-1
-1
-1
-1
1
-1
-1
-1
-1
-1