0,0989466826121012
0,252418619791667
-0,372358894348145
0,1152059618632
0,281854731241862
-0,409389610290527
0,0902554670969645
0,257333037058512
-0,452533162434896
-0,0702906401952108
0,196395568847656
-0,582908566792806
-0,315946648915609
0,172519715627034
-0,664719950358073
-0,335208155314128
0,229390494028727
-0,753364384969076
-0,0244004368782044
0,295413487752279
-0,827445933024089
-0,0955259561538696
0,299257068634033
-0,704814885457357
0,0626550229390462
0,0849842611948649
-0,242936515808105
0,419095611572266
-0,54022221883138
2,22430342356364
0,208204727172852
-1,35310577392578
2,58123789469401
-0,0584745661417643
-1,32811943054199
1,29846221923828
-0,116899188756943
-0,913420842488607
1,57590886433919
-0,370878613789876
-0,805369974772135
2,21070643107096
-0,130598777135213
-0,882027537027995
1,66905939737956
0,0979932022094727
-1,02136177062988
1,08004577636719
-0,0383998934427897
-1,97268508911133
-1,88156611124674
-0,156718972524007
-0,941619110107422
-2,22797678629557
-0,541355749766032
0,316622835795085
-2,89561467488607
-0,983684895833333
0,537263476053874
-2,06874852498372
-0,580105641682943
0,251144371032715
-1,20672846476237
0,513760363260905
-1,22551958719889
1,17114540100098
0,150008392333984
-2,67401428222656
7,56857259114583
1,08779233296712
-1,3437540435791
4,32276723225911
0,987768147786458
-0,648660583496094
1,88661773681641
0,870110092163086
0,166838687260946
0,500548680623372
-2,75233764648438
0,425228602091471
0,552467803955078
-2,6844765218099
-0,272503509521484
0,75593027750651
-1,49103294372559
0,284316991170247
-0,84999018351237
-0,928769454956055
0,407179997762044
-0,919579366048177
-0,749699223836263
0,448903477986654
-0,81679936726888
-0,746714248657227
0,267032203674316
-0,752644831339518
-0,595028877258301
0,276741002400716
-0,668503087361654
-1
-1
-1
-1
1
-1
-1
-1
-1
-1