0,444492200215658
-0,00684730052947998
-0,64761417388916
0,296102313995361
-0,0233807849884033
-0,841089655558268
-0,0788518301645915
-0,239259808858236
-0,804305419921875
-0,216116956075033
-0,367907307942708
-0,799291483561198
-0,0979361359278361
-0,370881563822428
-0,960825754801432
0,148645710945129
-0,24131768544515
-1,15323829650879
0,0444542026519775
-0,428332672119141
-1,12654492696126
-0,0735180854797363
-0,428093961079915
-0,907761408487956
0,0815379635492961
-0,321899751027425
-0,758563079833984
1,14277282714844
0,0454201507568359
1,55859334309896
1,90093271891276
1,84200958251953
2,23973149617513
1,66982493082682
1,5815244547526
1,83842035929362
1,31571014404297
1,19110254923503
1,76225428263346
1,03846969604492
0,600226860046387
1,57914469401042
0,76252207438151
-2,31694407145182
-3,12899653116862
-1,35253234863281
-2,99645833333333
-2,61347635904948
-0,23465615272522
1,4581330871582
-1,021826171875
0,0831139437357585
2,09294087727865
-0,358413728078206
3,02221229553223
3,51498138427734
1,6463149579366
3,77587768554688
3,94744181315104
5,8115175374349
1,03068206787109
1,73407012939453
3,78283289591471
0,12723570505778
0,152623761494954
1,80749203999837
0,0455784034729004
-0,645305735270182
-0,610570602416992
-3,23135182698568
-1,6448285929362
0,743722839355469
-2,68802642822266
-1,17571222941081
-0,292311757405599
-1,33040067036947
-0,785150858561198
-1,53807795206706
-0,986309356689453
-0,480966618855794
-1,49092798868815
-0,875457611083984
-0,427042808532715
-1,21025349934896
-0,707215855916341
-0,38586191813151
-0,941380157470703
-0,220883051554362
0,758111298878988
-0,687809397379557
0,805594380696614
0,752642211914062
-0,316601486206055
0,00473897933959962
-0,782050933837891
0,381619784037272
-0,118173605600993
-1,23020573933919
0,430297927856445
-1
-1
-1
-1
1
-1
-1
-1
-1
-1