-0,0960503578186035
0,117883014678955
-0,406691042582194
-0,0409025812149048
0,0879961681365967
-0,456159426371257
0,0524895207087199
0,166559772491455
-0,565323346455892
0,223551947275798
0,512595609029134
-0,724164861043294
0,231655743916829
0,583047854105632
-0,902478663126628
0,0271145137151082
0,403706232706706
-0,691829439798991
0,147748438517253
0,462171389261882
-0,5235515721639
0,253205903371175
0,605175755818685
-0,39297721862793
0,313815441131592
0,567354685465495
-0,343920364379883
0,737572631835937
0,489758987426758
1,50856976826986
0,983719431559245
0,481378644307454
2,34763468424479
1,61356048583984
-0,499200655619303
2,16197077433268
1,15781112670898
-0,416267306009928
1,70913553873698
0,767261174519857
-0,280678215026855
1,4147785949707
0,709509633382162
-0,276628068288167
1,14903485616048
0,731165924072266
-0,417842330932617
0,866069971720378
0,456065788269043
-0,491514027913411
0,270730202992757
0,0575398508707682
-0,199448788960775
-1,02154112497966
-0,954834416707357
0,560236231486003
-2,44525207519531
-0,870452677408854
0,380584983825684
-2,07236826578776
-0,590612945556641
0,1840869140625
-1,48391118367513
-0,221848290761312
0,291013126373291
-0,911981658935547
3,81168534914653
0,0318291982014974
1,76796487172445
4,39043029785156
-2,1512252553304
7,4976405843099
0,898578592936198
-1,16172915140788
5,85509236653646
0,373779729207357
1,05075196584066
2,72365208943685
0,155312461853027
1,40818120320638
2,07001978556315
0,165963026682536
1,46613174438477
1,48010940551758
0,196689739227295
-0,102020320892334
-2,18327453613281
-0,204250373840332
-0,196660108566284
-1,78326400756836
-0,57759396870931
-0,394773127237956
-1,49034113566081
-0,788764801025391
-0,504433631896973
-1,22584500630697
-0,711900634765625
-0,348443171183268
-0,922804794311523
0
0
0
0
1
0
0
0
0
0
