-0,121877638498942
0,127120046615601
-0,271489791870117
-0,176783583958944
0,0751252826054891
-0,266381899515788
-0,179682474136353
0,0959796126683553
-0,277418473561605
-0,110006450017293
0,208424536387126
-0,351595160166423
-0,114659287134806
0,306648146311442
-0,51528933207194
-0,0608974067370097
0,415122934977213
-0,654126917521159
-0,0416321309407552
0,272001164754232
-0,658544553120931
-0,173229007720947
0,110859057108561
-0,631913566589355
0,00577670097351074
0,131619033813477
-0,637992235819499
1,80249371846517
0,440997428894043
1,73928451538086
1,74630177815755
0,0866165669759115
3,71736755371094
-0,126700795491536
1,05204612731934
1,64076095581055
-0,118853340148926
0,755873489379883
1,24105072021484
-0,0847277291615804
0,431543922424316
1,06649470011393
0,0825112024943034
0,0848115626970927
0,731840286254883
0,127478828430176
0,0873487051328023
0,1435817527771
0,0146338566144307
0,383600126902262
-0,241223494211833
0,0412903658548991
0,546694602966309
-0,551746737162272
-0,726064103444417
-1,38307439168294
-3,22515401204427
-1,32697975158691
-0,0523275756835938
-1,43036061604818
-0,864969787597656
0,546578038533529
-1,0532514444987
-0,503023567199707
0,382450033823649
-0,596726112365723
4,26050201416016
-1,90067326863607
4,13354873657227
2,46645284016927
-0,759083633422852
6,28713562011719
0,805528875986735
0,441999206542969
3,99847112019857
-0,011535587310791
1,6024674987793
1,86711161295573
-0,961280473073324
0,61711680094401
-2,00407618204753
-1,88657872517904
0,131026401519775
-0,912923583984375
-1,65124608357747
-0,0501272932688395
-0,842086639404297
-1,46516723632813
-0,182957286834717
-0,918178939819336
-1,15493296305339
-0,0784691874186198
-0,776982752482096
-0,901078186035156
-0,0729243278503418
-0,620039545694987
-0,71865000406901
-0,190697994232178
-0,469604034423828
0
0
0
0
1
0
0
0
0
0
