0,0592207217216492
0,0733954413731893
-0,208101030985514
-0,00631800095240275
0,0251167337099711
-0,22686253229777
0,00379962225755056
-0,0088551123936971
-0,238376140594482
-0,0063036169608434
0,0439644050598145
-0,252516600290934
0,0431065028905869
0,190151716868083
-0,339586086273193
0,217025267283122
0,33295539855957
-0,467840766906738
0,437898305257161
0,506817626953125
-0,66397694905599
0,439282315572103
0,393367487589518
-0,84084971110026
0,10055326461792
0,155931701660156
-0,59200922648112
1,6900714747111
0,432095858256022
1,31301600138346
0,916360219319662
-0,0275391642252604
2,27942138671875
0,272638905843099
-0,92627451578776
0,49111270904541
0,398968836466471
-0,66860538482666
0,35774419148763
0,160631093978882
-0,496538899739583
0,319063860575358
0,202000061670939
-0,442755343119303
0,25252371152242
0,253618825276693
-0,0402738253275553
-0,0952139568328857
0,155721397399902
0,200301020940145
-0,477940737406413
0,16870220820109
0,5376691309611
-0,516998952229818
0,173397973378499
0,499180119832357
-0,215211137135824
0,025496088663737
0,0750647481282552
-0,999682388305664
-1,57779459635417
-0,46233211517334
-2,64593872070312
-1,56813334147135
-0,379219449361165
-1,92371170043945
-1,0658785756429
-0,438172607421875
-1,44725730895996
0,940502268473307
-0,777292734781901
0,591281433105469
3,11663177490234
0,439043884277344
6,04262532552083
1,27801137288411
1,23584403991699
6,28415588378906
0,939637145996094
2,03076477050781
2,45400599161784
-0,344683430989583
0,444904289245605
-0,848615417480469
-2,63221613566081
-1,10959818522135
0,401610743204753
-2,2747732035319
-1,1818837483724
0,287536125183105
-1,91372884114583
-1,00044840494792
-0,248244717915853
-1,60741795857747
-0,64829771677653
-0,467678159077962
-1,32452624003092
-0,360391521453857
-0,468488133748372
0
0
0
0
1
0
0
0
0
0
