-0,321239814758301
-0,0937341944376627
-0,178373476664225
-0,383248736063639
-0,165567995707194
-0,26547093073527
-0,267256240844727
-0,0396158933639526
-0,365662269592285
-0,0539177147547404
0,150098342895508
-0,571035703023275
0,0390071145693461
0,320242729187012
-0,793352330525716
0,109290653864543
0,496936289469401
-0,95576296488444
0,0658895095189413
0,402933133443197
-1,00779253641764
-0,176975911458333
0,132150662740072
-0,8738818359375
-0,0201848061879476
0,182439130147298
-0,768031311035156
1,77149431864421
0,232583198547363
1,42415583292643
1,30868743896484
-0,659432156880697
4,23020202636719
0,351881561279297
-1,37709627787272
0,0586542765299479
0,350070915222168
-1,20282742818197
-0,196838194529215
0,296032524108887
-1,12973770141602
0,174539244969686
0,471316693623861
-1,09158737182617
-0,215974111557007
0,377223332722982
-0,568585472106934
-0,533555374145508
0,304354375203451
-0,126362981796265
-0,632225049336751
0,212580973307292
0,0473597955703735
-0,719788398742676
-1,46935434341431
-0,263720523516337
-3,28428629557292
-2,22766301472982
-1,12061999003092
-2,0573019917806
-1,46852717081706
-1,005822168986
-1,56584609985352
0,758459625244141
-0,987883021036784
0,268321075439453
-0,4217138671875
0,370768280029297
4,85491383870443
-0,545916468302409
-0,587085367838542
4,09399281819661
0,435366611480713
-0,570294291178385
1,29528324127197
0,0469102573394775
-0,861837819417318
0,38101261138916
-0,0729422569274902
-1,33801310221354
-1,46048924128215
-1,47048126220703
-1,75553349812826
-1,18279876708984
-2,42676884969076
-1,97629816691081
-0,416250292460124
-2,15369522094727
-1,64137634277344
-0,699795862833659
-1,5999159749349
-1,17154149373372
-0,720765584309896
-1,07535939534505
-0,695358746846517
-0,662186965942383
-0,861378224690755
-0,420496304829915
-0,584733479817708
-1
-1
-1
-1
1
-1
-1
-1
-1
-1