-0,294642772674561
-0,629422899881999
0,143830684026082
-0,268223679860433
-0,382988459269206
0,0756378920873006
-0,229398085276286
-0,141399405797323
-0,155728522936503
-0,266326001485189
0,0220579608281453
-0,256777477264404
-0,210881010691325
0,0800014082590739
-0,246442235310872
-0,322552769978841
-0,0413561423619588
-0,267243461608887
-0,503821411132813
-0,191040509541829
-0,239535986582438
-0,55868896484375
-0,139398066202799
-0,375288454691569
-0,552971254984538
0,131250893274943
-0,664236958821615
0,500629196166992
1,89043528238932
-1,41029721577962
0,256376063028971
0,274155629475911
-1,56795196533203
-0,528233604431152
-0,350839564005534
-1,22513097127279
0,80649715423584
-0,34909055074056
-0,048873545328776
2,02823994954427
-0,55204091389974
4,04264495849609
0,609530270894369
-0,864930013020833
2,03763824462891
0,61175537109375
-0,870486806233724
1,14020133972168
0,673527654012044
-0,984291534423828
0,619777475992839
1,31244178771973
-1,63620849609375
-1,77646814982096
0,463028742472331
-0,78026496887207
-1,79262756347656
-0,598240254720052
0,90069465637207
-1,29292516072591
-0,59943042755127
0,736191482543945
-1,62147038777669
-1,81568700154622
-0,530229314168294
-2,11882512410482
-1,43892690022786
-0,291832211812337
-1,53919372558594
0,335204060872396
-0,237608197530111
-0,0953148396809896
4,44442606608073
1,06805180867513
4,50825663248698
2,58972696940104
2,84008260091146
3,92901214599609
1,44918940226237
0,0788251749674479
1,96425287882487
0,81331298828125
1,69646792729696
0,527793858846029
0,960689290364583
1,47118153889974
-1,28714706420898
-2,36822011311849
-2,39413284301758
1,68603744506836
-2,87841613769531
-2,20541275024414
-1,0990690612793
-1,32321360270182
-1,59525990804036
-1,45079325358073
-0,981759185791016
-1,29897450764974
-1,45782089233398
0
0
0
0
1
0
0
0
0
0
