-0,277808303833008
0,484951464335124
-0,29250254313151
-0,163930155436198
0,444208602905273
-0,275493354797363
-0,107094246546427
0,426579271952311
-0,28222572962443
-0,0575006580352783
0,51981086730957
-0,394646263122559
0,055400980313619
0,720923182169596
-0,531054611206055
0,270660355885824
0,980796483357747
-0,693435643513997
0,123137969970703
0,901910629272461
-0,782024281819662
-0,154115292231242
0,731214256286621
-0,728680928548177
0,0978886127471924
0,204456443786621
-0,641436716715495
2,06789684295654
-0,0208633232116699
1,06100126902262
2,62966700236003
1,13189239501953
3,54867411295573
0,727839431762695
1,15789889017741
1,91455741882324
0,539588750203451
0,906994272867839
1,00288024902344
1,93468442281087
-0,225188954671224
-0,77342778523763
-0,371311569213867
-0,0271013768513998
-2,48437652587891
-0,412260653177897
1,09940430959066
-2,20670801798503
-0,596664962768555
0,664585037231445
-2,13314178466797
-2,15570515950521
-0,261364822387695
-1,70458938598633
-0,454491526285807
0,613994696935018
-0,100701446533203
1,78630894978841
0,97150644938151
1,39760879516602
5,7487744140625
-0,0220523961385091
2,86338562011719
-0,449794921875
0,889436111450195
4,29768351236979
0,728716799418132
1,26385088602702
2,16513229370117
0,312859878540039
-0,210759963989258
1,45490819295247
0,650251312255859
-0,950027567545573
-2,05127934773763
-0,639838492075602
-1,39660781860352
-1,21609079996745
-2,24552012125651
-2,07424794514974
-1,19478574117025
-1,99367314656576
-1,81537963867188
-1,30961944580078
-1,61589813232422
-1,40381624857585
-1,1330473836263
-1,22245025634766
-1,05872601826986
-0,95561887105306
-0,775494181315104
-0,772528762817383
-0,807214635213216
-0,3435915184021
-0,561638043721517
-0,758609441121419
-0,0556511402130127
-0,417608299255371
-0,695856704711914
0
0
0
0
1
0
0
0
0
0
