0,289468739827474
-0,717292633056641
-0,523984260559082
0,23282896677653
-0,702431767781575
-0,500843353271484
0,141508369445801
-0,742739181518555
-0,459092051188151
0,0859060621261597
-0,807006530761719
-0,498819961547852
0,044740305741628
-0,691487083435059
-0,575681228637695
0,0494779515266418
-0,425251992543538
-0,650120786031087
0,29388599395752
-0,226545899709066
-0,824626134236654
0,276584542592367
-0,487053972880046
-0,898193537394206
0,336752452850342
-0,574923528035482
-0,802939325968424
0,7091929880778
-0,64868532816569
1,72964429219564
1,26621604919434
-1,44651049296061
1,93281728108724
1,06624837239583
-1,32711349487305
1,47540832519531
1,01377298990885
-1,06629002888997
1,2378374226888
0,192445259094238
-1,05019218444824
-1,15453913370768
-0,368528480529785
-0,536110992431641
-3,04736989339193
-1,0187841796875
-1,13615224202474
-2,14469635009766
-0,796625289916992
-1,43673721313477
-1,3168798828125
-0,492800661722819
-1,12152422587077
-0,538504638671875
1,99172389984131
1,52472198486328
2,89780527750651
1,8940766398112
0,12016591389974
4,28706349690755
1,13541778564453
-1,09339668273926
2,61249048868815
0,75238032023112
-0,982948735555013
1,30371327718099
0,27811715443929
-1,01885899861654
0,322178751627604
-2,36573608398438
-1,67709302266439
0,00339917500813799
-2,84305541992188
-2,08020472208659
0,568977457682292
-3,18757731119792
-0,561542701721191
-0,941165618896484
-3,47496419270833
0,97958745320638
-0,861179936726888
-2,05848470052083
1,14128562927246
-0,151124076843262
-1,51730041503906
1,08478892008464
-0,296771723429362
-1,25833112080892
1,28338737487793
-0,676752967834473
-1,14602884928385
1,41994277954102
-0,678671366373698
-0,321765124003092
2,53064168294271
0,038949343363444
-0,119205652872721
4,10568491617839
-0,334412282307943
-1
-1
-1
-1
1
-1
-1
-1
-1
-1