-0,101398695309957
-0,270476036071777
-0,496623776753744
0,093482305208842
-0,08470884958903
-0,188191786607107
0,133621355692546
-0,0449582624435425
-0,0118705129623413
0,185440877278646
0,0750026289621989
-0,11443710009257
0,18464937210083
0,175437749226888
-0,228014036814372
0,097192104657491
0,0949870045979818
-0,260828901926676
0,0852696752548218
0,116843242645264
-0,35415699005127
0,172363929748535
0,249373486836751
-0,581790033976237
0,0407447576522827
-0,00771336237589518
-0,778374862670899
0,467360746065776
-1,63532831827799
-0,590185635884603
1,24039695739746
-1,69085446675618
0,597522500356038
1,91918690999349
-1,42050783793132
4,4516313680013
0,989639383951823
-0,339660339355469
3,64202372233073
-0,890075251261393
0,470667241414388
1,40767389933268
0,961778869628906
1,69215614318848
-4,11498931884766
-1,37499247233073
1,98683898925781
-5,08596588134766
-0,456604156494141
-1,92311757405599
-0,760059127807617
0,293236083984375
-2,07617004394531
1,01530085245768
1,2815364074707
-2,07515279134115
3,26820871988932
0,59898198445638
-2,60673553466797
8,0927724202474
0,153664932250977
-0,447697347005208
4,4276318359375
-0,446633071899414
0,619698931376139
2,33723958333333
-0,640062204996745
0,560943031311035
1,19355723063151
-2,14147583007813
-0,513969408671061
-1,82201212565104
-3,6565581258138
-4,08773142496745
1,55239283243815
-1,74357966105143
-2,50591094970703
-0,419834467569987
-0,561431414286296
-0,157598272959391
-1,60711115519206
-0,129718929926554
0,389513575236003
-1,57053588867187
0,00433383107185364
0,630815773010254
-1,45344095865885
-0,131168788274129
0,379239648183187
-1,17727345784505
-0,288449554443359
0,0236993789672852
-0,871384302775065
-0,365712178548177
0,0171016518274943
-0,782697296142578
-0,372961209615072
0,0493516731262207
-0,657403221130371
0
0
0
0
1
0
0
0
0
0
