0,326977144877116
0,346116790771484
-0,210322615305583
0,226393769582113
0,21393362681071
-0,216518516540527
0,307548993428548
0,401710249582927
-0,327653344472249
0,356301689147949
0,654999694824219
-0,480724283854167
0,403691724141439
0,735364583333333
-0,504231440226237
0,394113121032715
0,536671358744303
-0,540923055013021
0,163589026133219
0,246728935241699
-0,627536799112956
0,133014361063639
0,109321225484212
-0,581408526102702
0,196647478739421
-0,0993156623840332
-0,169336388905843
0,219981498718262
-0,982990036010742
2,71106679280599
1,20539288838704
-0,864195683797201
2,31042154947917
1,45046086629232
-0,443018290201823
1,73288162231445
1,1898974609375
-0,370669612884521
1,30364857991536
0,860150197347005
1,74028800964355
-3,16292607625325
0,0144479115804036
1,89731099446615
-2,12666300455729
-0,108259382247925
0,8780872853597
-1,28587908426921
-0,0984244728088379
0,553456420898438
-0,936791051228841
0,0158428343137105
0,564003219604492
-0,621124623616537
1,52816668510437
-0,232234878540039
2,30186932881673
0,990030059814453
-0,749775390625
4,21621398925781
0,0188143666585286
-0,566382904052734
3,94466166178385
-0,215472373962402
-0,654480514526367
1,68003835042318
-0,199135564168294
-0,603550694783529
1,31376129150391
-0,24389347076416
-0,883283309936523
1,17575866699219
-0,240323804219564
-0,913650919596354
0,805906422932943
-0,280905596415202
1,26131502787272
-1,38902727127075
-0,587682088216146
1,87497004191081
-1,90835576375326
-0,898881301879883
1,18407257080078
-1,46080632527669
-0,907795766194662
0,765853449503581
-1,15636052449544
-0,566499404907227
0,678485972086589
-0,918765970865886
-0,250979512532552
0,630490239461263
-0,817422688802083
-0,231660346984863
0,35280632019043
-0,67211966196696
-0,350590057373047
0,0867939265569051
-0,517551472981771
0
0
0
0
1
0
0
0
0
0
