0,107271264394124
0,406734606424967
-0,0225801817576091
0,155255126953125
0,488883056640625
-0,15149741490682
0,200893077850342
0,514606641133626
-0,174220657348633
0,244440727233887
0,466374880472819
-0,205582180023193
0,207976373036702
0,388276837666829
-0,346835047403971
0,238189595540365
0,437504170735677
-0,45326649983724
0,210625251134237
0,273420518239339
-0,479926630655924
0,0390950139363607
-0,2102001953125
-0,477977867126465
0,20769492149353
-0,385059687296549
-0,296844730377197
2,32664681752523
-1,24180852254232
1,27682442982992
3,46397247314453
-3,51558797200521
3,43198359171549
0,959535776774089
-0,174238484700521
2,09049870808919
1,24576680501302
0,00724967956542968
-1,2798642985026
-1,02940272013346
2,6297075398763
-5,85417622884115
-1,27676045735677
0,887991231282552
-2,28012334187826
-0,880570068359375
0,300987154642741
-1,47976323445638
-0,67885373433431
-0,0541078027089437
-1,04070404052734
-0,482646840413411
-0,153691021601359
-0,767742767333984
-0,252020581563314
-0,128247025807699
-0,536424687703451
1,41410837809245
-0,231264451344808
0,254563547770182
3,69359232584635
-2,437216796875
2,38627777099609
1,9167002360026
-2,18961652119954
4,34080200195312
0,462696024576823
0,159425716400146
3,45863149007161
-0,0547251510620117
0,637897923787435
1,3846745300293
-0,176374473571777
0,802620697021484
0,357960275014241
-0,209148616790771
0,748672180175781
-0,0744384352366129
-1,01501644134521
-0,0273450215657552
-0,560947914123535
-2,44685963948568
-1,37611974080404
-0,91547732035319
-1,7244162495931
-0,942240346272786
-0,842883097330729
-1,32198661804199
-0,541586100260417
-0,892824172973633
-1,12889012654622
-0,385520235697428
-0,866388473510742
-0,945166524251302
-0,298229058583577
-0,642648607889811
-0,820769119262695
-0,217243982950846
-0,492666867574056
0
0
0
0
1
0
0
0
0
0
