-0,113676454226176
0,537592646280925
-1,02552764892578
-0,00653025895357132
0,620615030924479
-0,807427113850911
-0,0628182590007782
0,458734232584635
-0,618175392150879
-0,141183789571126
0,241612815856934
-0,489246927897135
0,0681424331665039
0,344386825561523
-0,477061436971029
0,124249251683553
0,476598993937174
-0,576677436828613
-0,0336009581883748
0,149777644475301
-0,516036542256673
0,0572927093505859
-0,292502746582031
-0,438355865478516
0,324413878122966
-0,465862935384115
-0,314617462158203
1,12375384012858
0,616800467173259
2,47989112218221
1,37255246480306
0,398823331197103
3,09443873087565
0,147326237360636
0,305432535807292
2,19579661051432
0,419074058532715
-0,0501096852620443
1,29452568054199
2,76464152018229
-1,40864807128906
-3,33003204345703
1,06920003255208
-0,0190289560953776
-3,23949640909831
0,81983154296875
-0,0552053006490072
-1,70275243123372
0,529618008931478
0,0333788522084554
-1,48516316731771
0,396865145365397
0,370446097056071
-0,940938288370768
3,09412719726563
0,956300913492839
5,32343017578125
0,704258422851562
0,820968678792318
4,64503102620443
-0,845901489257813
1,43989959716797
2,25229029337565
-0,67976141611735
1,13282844543457
1,95834386189779
-0,513013776143392
0,523593826293945
1,72121856689453
-0,417392247517904
0,0303324755032857
1,22517601013184
-0,268386014302572
0,171659860610962
0,694919102986654
-0,224014415740967
0,303075154622396
0,325624987284342
-0,440591595967611
0,175106086730957
-0,0228337971369425
-0,776238377888997
-0,336650778452555
0,0335893726348877
-0,922324854532878
-0,566731834411621
-0,0931535847981771
-0,801732559204102
-0,51246031443278
-0,19460501352946
-0,533911374409993
-0,301736265818278
-0,256125240325928
-0,368885765075684
-0,236519718170166
-0,2398561668396
-0,281063982645671
-0,286368700663249
-0,232239354451497
-1
-1
-1
-1
1
-1
-1
-1
-1
-1