-0,129955650965373
0,545062294006348
-0,519041277567546
-0,169158191680908
0,55329958597819
-0,530190849304199
-0,150139207839966
0,585894444783529
-0,592643508911133
-0,17737691561381
0,480686874389648
-0,62461186726888
-0,246853555043538
0,159862178166707
-0,590917727152507
-0,256424446105957
-0,00914859692255656
-0,609064534505208
-0,219418824513753
-0,164927870432536
-0,624442761739095
-0,129544448852539
-0,182735913594564
-0,609632555643717
-0,00477373043696086
0,0625241406758626
-0,632937622070313
1,25983705838521
-0,483828738530477
1,75966011047363
1,15308349609375
-0,739680557250976
4,39171112060547
1,26914962768555
-0,310483856201172
2,96595759073893
0,811836191813151
-0,238886324564616
1,31517211914062
1,17292088826497
-1,5831142171224
-0,541969197591146
0,459526062011719
1,28941782633464
-3,00353230794271
-0,346015027364095
1,12739924112956
-2,13336369832357
-0,419365552266439
0,795332590738932
-1,94037851969401
-0,871997680664063
-0,759331970214844
-2,12559494018555
-0,901133168538411
-0,746805369059245
-1,73948654174805
-0,643758989969889
-0,473835976918538
-1,2068462117513
2,84824727376302
-0,657191492716471
4,10603698730469
0,949847869873047
-2,51819198608398
2,81152974446615
-1,51397237141927
-2,17361892700195
3,17230326334635
-0,45065668741862
-1,52277226765951
1,80384475708008
-0,394120559692383
-1,38605534871419
1,29669868469238
-0,797536265055339
0,415333353678385
-2,33936452229818
-0,822570978800456
0,633705800374349
-1,58512385050456
-2,87484293619792
-2,26517918904622
0,421535491943359
-2,54357381184896
-2,51880605061849
0,586004905700684
-1,73665990193685
-1,51453847249349
0,0509598525365194
-1,25026509602865
-1,08765240987142
-0,0340585994720459
-0,738880767822266
-0,591107088724772
-0,0944887193044027
-0,447510973612467
-0,326939538319906
-0,145277039210002
-1
-1
-1
-1
1
-1
-1
-1
-1
-1