-0,150217291514079
-0,764881769816081
-0,318576176961263
-0,0256902758280436
-0,833091659545898
-0,376392644246419
0,0467267942428589
-0,822509638468425
-0,431902516682943
0,157619457244873
-0,600353864034017
-0,45549570719401
0,20136131922404
-0,432260869344076
-0,515878270467122
0,155465596516927
-0,206192111968994
-0,562027549743652
0,324809792836507
0,0725836658477783
-0,681389719645182
0,525259590148926
0,128038272857666
-1,01250918070475
0,178187198638916
-0,0786642901102702
-0,987505289713542
1,46301208496094
1,41558760643005
-0,267239659627279
1,44494130452474
-0,798930867513021
3,4537060546875
-1,76791956583659
-0,398504028320313
1,99514017740885
-1,19497500101725
-1,23030431111654
-0,113561782836914
-0,579508221944173
-0,524352823893229
-4,61809326171875
0,697371304829915
-1,45927439371745
-0,164010416666667
0,732538172403971
1,0926264444987
1,38369267781576
3,98247716267904
0,364735870361328
4,50867156982422
-2,25614990234375
0,684722035725912
5,1835356648763
-0,56029177347819
2,23629180908203
1,12120634237925
-0,109160963694255
1,65619893391927
-0,137166234652201
-1,48739250818888
-0,322959849039714
0,167310892740885
-3,89519831339518
-3,58262939453125
2,13550170898438
-1,86772827148438
-2,08448471069336
-0,946114222208659
-0,771321461995443
-1,34251864115397
-1,21756172180176
-0,245166600545247
-0,940540313720703
-1,27080434163411
-0,212946847279867
-0,800362599690755
-1,13920570373535
-0,39578072865804
-0,900385208129883
-0,800508473714193
-0,45217529296875
-0,854039001464844
-0,573160883585612
-0,255936794281006
-0,641110471089681
-0,461106770833333
-0,0525683339436849
-0,445480155944824
-0,429856389363607
-0,0491884279251099
-0,389205665588379
-0,397181777954102
-0,0675351015726725
-0,280858860015869
-0,401053187052409
-0,0578849077224731
-0,140472771326701
-0,401240247090658
-1
-1
-1
-1
1
-1
-1
-1
-1
-1