0,044935523668925
-0,250668900807699
-0,147325048446655
0,0455317195256551
-0,284412218729655
-0,159306837717692
0,018935505549113
-0,342790654500325
-0,21062718073527
-0,0704253975550334
-0,333812567392985
-0,274038384755452
-0,0896351369222005
-0,155106070836385
-0,160024245580037
-0,110201266606649
0,153037888209025
-0,124699389139811
-0,214521102905273
0,379826418558757
-0,12228814125061
-0,331849428812663
0,391720809936523
-0,0972961616516113
-0,369641761779785
0,493572438557943
-0,210986302693685
0,22180570602417
1,80090446472168
-0,858605410257975
0,408173522949219
1,97885075887044
-1,1964680480957
0,165725129445394
1,42454259236654
-1,10079292297363
0,302683709462484
0,963525695800781
-0,988910700480143
2,19850659688314
-0,262566630045573
1,52748151143392
-1,06499145507812
-1,59395105997721
3,16915496826172
0,384422963460286
-1,69716583251953
0,37326914469401
0,0116135915120443
-2,92736033121745
-1,13501444498698
1,30833740234375
1,30621114095052
-4,23638804117839
0,267052408854167
1,39528361002604
-2,39894536336263
1,14357772827148
-0,0908320871988932
-1,57278747558594
0,835256729125977
-0,104843896230062
-1,25595896402995
0,779975916544596
2,10862023671468
-0,726750946044922
1,55355773925781
3,06670104980469
1,34129327138265
1,55355773925781
2,57561177571615
6,89634195963542
-1,72863708496094
1,0114399210612
4,51562591552734
-0,888404795328776
1,56921610514323
1,78158457438151
-0,617282524108887
1,11899546305339
1,2877172088623
-0,431280899047852
-0,557539978027344
0,840391616821289
-1,63196421305339
-4,4401405843099
3,68869959513346
-6,4319687906901
-2,20334136962891
-0,507759272257487
0,0930226643880208
0,0601325988769531
-1,52744135538737
2,09313791910807
0,812150268554687
-2,13747899373372
1,45215789794922
0,598264223734538
-1,83265024820964
-1
-1
-1
-1
1
-1
-1
-1
-1
-1