-0,210901412963867
-0,330578950246175
-0,273058834075928
-0,339347133636475
-0,355661201477051
-0,328862806955973
-0,421680221557617
-0,290806115468343
-0,328182824452718
-0,359143314361572
-0,135529311498006
-0,271402378082275
-0,234103062947591
0,00620996952056885
-0,3218821144104
-0,213726488749186
0,306400629679362
-0,562264760335287
-0,167391605377197
0,366769351959229
-0,812217076619466
-0,224822603861491
0,200740009943644
-0,97876963297526
-0,118899304072062
-0,15164737701416
-1,01624636332194
1,28707550207774
-0,333614107767741
0,880360921223958
1,78696472167969
-2,36847646077474
4,22150115966797
1,19960199991862
-2,72441324869792
2,16211069742839
0,954246470133464
-1,71023803710937
1,04889483133952
0,808543421427409
-0,717308705647786
-0,364873428344727
0,068387196858724
0,786976674397787
-3,75104675292969
-0,132733256022135
0,261645812988281
-2,47366373697917
0,197399635314941
0,100769831339518
-2,04516677856445
-0,362015635172526
-1,16124003092448
-1,16762809753418
-0,446854642232259
-0,748451690673828
-1,02616091410319
0,0279592259724935
0,519968280792236
-0,701361834208171
2,58664759318034
2,111748046875
-0,220576591491699
2,50769012451172
0,0680494181315104
4,69197774251302
-1,2271630859375
0,299968973795573
2,93927983601888
0,145598732630412
0,861965840657552
1,79638392130534
0,0816842730840047
0,554763310750325
1,63056106567383
0,0441592899958293
0,196304092407227
1,43252970377604
-0,0275864227612813
-0,105308071772257
1,16475514729818
-0,116699463526408
-0,236704845428467
0,812570037841797
-0,164341014226278
-0,239958839416504
0,464026883443197
-0,144710957209269
-0,314006958007812
0,0371257877349854
-0,321512432098389
-0,668325017293294
-0,134622599283854
-2,31936782836914
-1,86454045613607
0,526845919291178
-2,04426574707031
-1,74475107828776
0,427757924397786
0
0
0
0
1
0
0
0
0
0
