0,00970078905423482
0,208938515981038
-0,0662832069396973
0,0113767065604528
0,170514090855916
-0,0575019677480062
0,012137508392334
0,0944497680664063
-0,012441432873408
0,017984424829483
0,045107835928599
0,0104973848660787
0,0190115280946096
0,0231351892153422
0,0130496776103973
0,00266975829998652
0,0243625855445862
0,00742354194323222
-0,0128303678830465
0,0439134057362874
-0,0229063892364502
-0,0136301553249359
0,00925603310267131
0,0588820910453796
-0,0329964256286621
-0,0204060928026835
0,479736092885335
0,267491598129272
0,281670908927917
1,89900166829427
0,375368499755859
0,33640625
2,70692525227865
0,750677846272786
1,06673571268717
3,2897797648112
1,0115348815918
-1,22395604451497
2,56748764038086
1,55179178873698
-1,1471799214681
2,1119509379069
1,49732340494792
-1,21429718017578
1,76858378092448
1,37145334879557
-1,15142097473145
1,13441975911458
0,809398040771484
0,0565363566080729
-1,55400759379069
-1,49262268066406
1,32375025431315
-2,90812194824219
-2,18669133504232
1,595625
-2,58013610839844
-1,7200607808431
1,53883799235026
-1,64627197265625
-1,59974151611328
1,48632954915365
-1,11759862263997
-1,27216992696126
1,31342964172363
-0,769122746785482
-1,09129000345866
1,18961542765299
-0,511624425252279
-0,917447916666667
0,918213144938151
-0,277076250712077
-1,42256268819173
-0,0274875895182292
-0,0987589899698893
-2,22278737386068
-1,17252146402995
0,400739835103353
-1,76697916666667
-1,23066029866536
0,288271853129069
-1,18005696614583
-1,10063385009766
0,0455310074488322
-0,689560228983561
-0,864547526041667
-0,0565890105565389
-0,566481895446777
-0,773635991414388
-0,0707102632522583
-0,437478218078613
-0,687424952189128
-0,0691723982493083
-0,197774108250936
-0,605316963195801
-0,0500251372655233
-0,145992148717244
-0,563144989013672
-0,0455793460210164
1
0
0
0
0
0
0
0
0
0
