0,197423496246338
0,0370170307159424
-0,0686280759175618
0,160263805389404
0,0424538850784302
-0,0619584528605143
0,121209878921509
0,0497182782491048
-0,0436507431666056
0,117254021962484
0,0269915151596069
-0,0608746687571208
0,110879354476929
0,177326704661051
-0,057032675743103
0,111071453094482
0,309597771962484
0,0142510970433553
0,0981105391184489
0,31873051961263
0,160787391662598
0,0731455834706624
0,314825318654378
0,492410252888997
0,0822684780756632
0,310439573923747
0,844312311808268
0,298800919850667
0,463173847198486
2,20348597208659
0,0118227513631185
0,422580604553223
2,10288686116536
0,653331788380941
0,0859830474853516
2,38172698974609
1,01387046813965
0,238258628845215
1,39500361124674
1,0084440612793
0,0654954942067464
1,04016700744629
0,920993423461914
0,168794918060303
0,693506100972494
0,839213078816732
0,153090918858846
0,214620520273844
0,138200263977051
0,0525651073455811
-1,71678775787354
-1,68754366556803
0,290464461644491
-2,14950078328451
-1,84233144124349
0,329328066507975
-1,42162165323893
-1,3698849995931
-0,115610186258952
-2,00511957804362
-1,0385902150472
-0,185503908793132
-2,01397613525391
-0,587727254231771
-0,374414037068685
-1,43835632324219
-0,510876108805339
-0,562599194844564
-0,903749491373698
-0,386881408691406
-0,537824490865072
-0,640216306050619
-0,374207941691081
-0,382555211385091
-0,395703315734863
-0,381140213012695
-0,447846806844076
-0,1260751024882
-0,668196245829264
-0,540896275838216
-0,0453594048817952
-0,964776077270508
-0,870191319783529
0,207168795267741
-1,1134135945638
-1,00162925720215
0,204735005696615
-0,975435740152995
-0,937807795206706
0,203981011708577
-0,612831179300944
-0,669458948771159
0,109831393559774
-0,4260808690389
-0,465276196797689
0,0339940412839254
-0,439510129292806
-0,413340721130371
0,0363630660374959
1
0
0
0
0
0
0
0
0
0
