0,0479169567426046
-0,0459052205085754
-0,0808181667327881
0,0546113157272339
0,0463494722048442
-0,157329575220744
0,0390581019719442
0,131806891759237
-0,187489306131999
0,0697023630142212
0,243310775756836
-0,245282834370931
0,0933585373560588
0,377339274088542
-0,32951831817627
-0,0521957127253215
0,411807416280111
-0,317998924255371
-0,12813442548116
0,341921590169271
-0,230412470499674
-0,137581488291423
0,512208264668783
-0,195812772115072
-0,0387933095296224
0,596821899414063
-0,0572108332316081
0,221514770189921
0,542525939941406
2,34622908274333
1,02618049621582
-0,171853103637695
3,62062255859375
0,00315556844075523
-0,707244695027669
3,10826049804687
0,374461873372396
1,04156056722005
0,684509582519531
0,259254684448242
0,687427546183268
0,436272818247477
-1,23729214986165
0,627515385945638
-1,61324330012004
-0,330526275634766
0,46972815434138
-4,395595703125
-1,34654881795247
-0,457359400590261
-1,02168811798096
-1,10772567749023
0,91702626546224
-2,12989374796549
-0,866104176839193
-0,556231562296549
-0,675451304117839
-0,741779632568359
-0,345064900716146
-0,222742767333984
-0,513579406738281
-0,0607006231943766
0,12117156346639
-0,332301012674967
-0,1622953637441
0,385082359313965
-2,29382970174154
0,345962079366048
0,714842376708984
-1,29009460449219
-2,45489776611328
1,7067933400472
-0,693285738627116
-1,89917785644531
0,933992055257161
-0,264638026555379
-1,41894709269206
0,520839144388835
-0,0944212055206299
-1,09613059997559
0,363576927185059
-0,139866790771484
-0,940334243774414
0,26619654973348
-0,188433170318604
-0,886838658650716
0,20947208404541
-0,182639147440592
-0,754523061116536
0,115048894882202
-0,148776861826579
-0,656854413350423
0,0795839770634969
-0,143201459248861
-0,585709597269694
0,0664381790161133
-0,100101359685262
-0,511510632832845
0,0489486400286357
1
-1
-1
-1
-1
-1
-1
-1
-1
-1