0,108099217414856
0,0842261282602946
-0,350447438557943
0,0357268985112508
0,14202099164327
-0,263824195861816
0,0623005596796672
0,215156993865967
-0,290804875691732
0,169443778991699
0,409573389689128
-0,377240931193034
0,261630566914876
0,561380716959635
-0,449368629455566
0,0901074488957723
0,65054318745931
-0,412344818115234
-0,0380689597129822
0,559631729125977
-0,339720306396484
-0,117721392313639
0,674285799662272
-0,20268695195516
-0,0738755734761556
0,65995979309082
0,19897455851237
0,864042987823486
1,8803588104248
1,75327847798665
1,82968933105469
0,298203887939453
3,43238067626953
-1,02812561035156
-0,527875366210937
3,27970387776693
0,187338307698568
-1,23938710530599
1,74970174153646
0,145550524393717
-2,11604614257813
1,43030614217122
0,537341003417969
-0,495041605631511
-3,95458435058594
-2,96989379882812
-0,468568242390951
-3,6666020711263
-1,94363942464193
-0,0189382934570313
-3,79244476318359
-2,30432017008464
2,36626007080078
-1,7127574412028
-1,28055320739746
2,05833384195964
-0,906493682861328
-1,05543680826823
1,42688954671224
-0,374515336354574
-0,328445841471354
-2,46926422119141
2,7584267171224
-3,14899459838867
-0,62698496500651
1,05423863728841
-2,64358662923177
-0,954419784545898
1,98788614908854
-1,85719151814779
-1,18130559285482
1,77947697957357
-1,07832537333171
-0,694633560180664
1,02524945576986
-0,582382939656576
-0,429561373392741
0,542685813903809
-0,459324289957682
-0,371592191060384
0,417806256612142
-0,462832336425781
-0,437570025126139
0,395780970255534
-0,335344429016113
-0,381968332926432
0,303559939066569
-0,0901891962687175
-0,219071578979492
0,156631027857463
-0,0479596074422201
-0,181273860931396
0,107342669169108
-0,115144904454549
-0,160164642333984
0,152339922587077
-0,0555446736017863
-0,17262414932251
0,138484862645467
1
0
0
0
0
0
0
0
0
0
