0,307185999552409
0,439982693990072
-0,540115343729655
0,282697531382243
0,549632631937663
-0,63777089436849
0,128754552205404
0,550676193237305
-0,478002319335938
0,0686789385477702
0,479395802815755
-0,322034517923991
-0,011299721399943
0,466675109863281
-0,313181495666504
-0,0940981197357178
0,409231643676758
-0,327353483835856
-0,119995431900024
0,26762321472168
-0,255950196584066
-0,0754743830362956
0,217492485046387
-0,13266227722168
-0,00818096955617269
0,217492485046387
0,126116282145182
1,43512363751729
1,15796482086182
2,11211645762126
3,30441101074219
0,262119700113932
4,04219879150391
0,925584945678711
-0,575161285400391
3,14288787841797
0,749369277954102
-2,54304748535156
0,645026556650798
2,38380569458008
-0,0992874145507812
-2,66832728068034
0,836751174926758
0,91089116414388
-2,36992396036784
0,152700729370117
1,01681312561035
-1,59092971801758
-0,589519519805908
1,09044367472331
-2,25220245361328
-1,80803126017253
1,6842756652832
-2,57781977335612
-1,26651746114095
1,56560612996419
-1,45378768920898
-1,03203142801921
1,06943804423014
-0,848495585123698
-0,782855491638184
0,723400573730469
-0,292456620534261
-0,759308026631673
-1,34537704467773
0,785582427978516
-1,1457994333903
-1,93195983886719
1,18076477050781
-1,17061726888021
-1,66645355224609
1,19916427612305
-0,661078046162923
-1,16413177490234
0,828606414794922
-0,377121098836263
-0,708181838989258
0,442379684448242
-0,321290677388509
-0,595476659138997
0,354821472167969
-0,300753815968831
-0,59952938079834
0,30538277943929
-0,222800153096517
-0,581532325744629
0,275280933380127
-0,118641309738159
-0,46008659362793
0,217480646769206
-0,0434969178835551
-0,317696024576823
0,152609853744507
-0,0401030898094177
-0,264718627929688
0,119238208134969
-0,0474443658192953
-0,254853750864665
0,108488747278849
1
-1
-1
-1
-1
-1
-1
-1
-1
-1