0,263658746083577
0,401342366536458
-0,437847366333008
0,201493956247966
0,433735644022624
-0,433950271606445
0,0829826323191325
0,426693267822266
-0,314100685119629
0,0481489229202271
0,45739377339681
-0,294545116424561
-0,0746700572967529
0,448825848897298
-0,302561613718669
-0,150860093434652
0,35466983795166
-0,424977493286133
-0,18327808380127
0,284817409515381
-0,407077878316243
-0,160480918884277
0,268430366516113
-0,235241845448812
-0,163566036224365
0,281446151733398
0,042296470006307
0,263427588144938
1,41419309616089
1,72964413960775
0,815618909200033
2,00505635579427
2,23185994466146
2,43041300455729
-0,553762919108073
3,53951253255208
1,52087259928385
-0,794690704345703
2,80421798706055
0,374701182047526
-2,471917552948
0,677386093139649
0,378894602457682
0,0508581988016764
-0,682210235595703
1,31876988728841
0,395445874532064
-1,83767041524251
-0,224800440470378
0,535133997599284
-2,37465337117513
-1,01202814737956
0,362719535827637
-2,3008164469401
-2,72361145019531
0,0731752522786458
-2,79970448811849
-2,30035146077474
1,91051040649414
-1,43227478027344
-1,74061986287435
1,6126101175944
-1,22030807495117
-1,31917719523112
1,05790150960286
-0,588491872151693
-0,885786387125651
-2,3256081644694
2,33303497314453
-3,04959228515625
-0,707775624593099
2,63187225341797
-2,25747105916341
-1,37372156778971
2,35264684041341
-1,22609232584635
-0,935201009114583
1,70058659871419
-0,46990670522054
-0,384176216125488
0,786746927897135
-0,299530461629232
-0,339399248758952
0,46031442006429
-0,435113156636556
-0,477623977661133
0,457690671284994
-0,387581443786621
-0,506089579264323
0,415941937764486
-0,166632070541382
-0,431173553466797
0,2663827196757
-0,105125017166138
-0,443347295125326
0,187046203613281
-0,151956647237142
-0,492081095377604
0,186238784790039
1
0
0
0
0
0
0
0
0
0
