0,346206270853678
0,0767365590731303
-0,36616039276123
0,311356684366862
0,211814301808675
-0,417889048258464
0,245336945851644
0,339758866628011
-0,408493067423503
0,224084243774414
0,492028363545736
-0,420907338460286
0,204469890594482
0,534857889811198
-0,505698954264323
0,0149275859196981
0,485448799133301
-0,554869130452474
-0,119269920984904
0,353486544291178
-0,515924644470215
-0,10039124806722
0,250636437733968
-0,44225154876709
-0,00102917671203613
0,212095222473145
-0,314682820638021
1,33526371002197
-1,56891057332357
2,83912749608358
0,46033457438151
-1,27795964558919
3,47340515136719
1,95051569620768
-0,583873825073242
2,76110188802083
1,72005350748698
0,502245140075684
1,92795074462891
2,10695454915365
-1,84976206461589
0,520498638153076
1,34310101826986
-0,593447113037109
-2,55411265055339
-1,29143444061279
0,436095182100932
-1,59506902058919
-2,07446792602539
0,223348506291707
-1,85368540445964
-1,6407266998291
1,7058629099528
-2,63484731038411
-0,713790130615234
1,84978302001953
-2,15818705240885
-0,743039957682292
1,45360326131185
-1,45618082682292
-0,731552581787109
1,26393989562988
-0,829669189453125
-0,67923412322998
1,24880844116211
-0,224142589569092
-0,5837322362264
0,868659896850586
0,18248903910319
-1,20446276346842
-0,590563246409098
0,503270918528239
-1,93033493041992
-2,28584762573242
1,16061678568522
-1,70307337443034
-2,01728454589844
1,06657577514648
-1,19742856343587
-1,50707392374674
0,77558474222819
-0,615227470397949
-1,09456212361654
0,449561080932617
-0,23473788579305
-0,905183410644531
0,219798138936361
-0,0969686571756999
-0,92498530069987
0,167491798400879
-0,130619071324666
-0,956184361775716
0,218077532450358
-0,0928071133295695
-0,878111343383789
0,25231663386027
0,0491007010142009
-0,60873961130778
0,1252610095342
1
0
0
0
0
0
0
0
0
0
