0,184466438293457
0,304722086588542
-0,23428098042806
0,0922110398610433
0,302190729777018
-0,213371238708496
0,0376899735132853
0,294070269266764
-0,216501121520996
-0,0127206758658091
0,258952649434408
-0,238662446339925
-0,0528456656138102
0,243696988423665
-0,319418881734212
-0,0622695191701253
0,237099863688151
-0,372909876505534
-0,0360074281692505
0,217013219197591
-0,389263203938802
-0,0114868259429932
0,182280597686768
-0,258236573537191
-0,00373740196228027
0,108228540420532
0,0874547513326009
0,697471440633138
-0,371554265022278
3,06478351593018
1,55128595987956
-1,27236968994141
3,91584686279297
0,280157318115234
-0,835032246907552
2,64768666585286
-0,797562510172526
0,245733248392741
2,19173161824544
0,126251424153646
0,383021049499512
0,192103322347005
1,94255981445313
2,37728373209635
-3,83439219156901
-1,19919443766276
1,27433967590332
-4,07104858398437
-2,07257446289062
-0,970517679850261
-3,23179911295573
-1,81438730875651
-1,67565821329753
-1,95536336263021
-1,58091110229492
-1,14320866902669
-0,265432535807292
-1,05398712158203
0,37038340250651
1,84784790039062
0,101476593017578
0,498288154602051
2,01756088256836
-3,00964375813802
-0,200701522827148
1,96724344889323
-1,46005078633626
-2,27972244262695
2,03251424153646
-0,46138224919637
-1,68576695760091
1,03193354288737
0,122070903778076
-1,07358703613281
0,453779703776042
0,313532447814941
-0,695881220499674
0,0966870832443237
0,16826452255249
-0,641082865397135
0,0951575438181559
0,125749781926473
-0,639951324462891
0,148193950653076
0,215244420369466
-0,50673158009847
0,0437687794367472
0,174480520884196
-0,456209678649902
-0,0348523998260498
0,00913025538126627
-0,54682856241862
0,0325347288449605
-0,0830531628926595
-0,570263493855794
0,0994486554463704
-0,0553623628616333
-0,527615737915039
0,110371268590291
1
0
0
0
0
0
0
0
0
0
