0,109761409759521
0,144726092020671
-0,0319905734062195
0,138381067911784
0,158643830617269
-0,0524520675341288
0,200547294616699
0,226486326853434
-0,109260063171387
0,364242464701335
0,371973730723063
-0,208277670542399
0,270894527435303
0,412388979593913
-0,262287572224935
0,148730392456055
0,278795941670736
-0,235624923706055
0,146715933481852
0,270213788350423
-0,332278772989909
0,127613881429036
0,187614199320475
-0,172822825113932
0,16875137646993
0,287119019826253
0,0319461266199748
0,525797481536865
-0,320546709696452
1,71148300170898
1,64862050374349
2,87693232218425
4,21591288248698
2,03272471110026
-0,155891977945964
4,75409362792969
-0,264010111490885
-1,11953308105469
2,7823622639974
0,348637186686198
0,0580113506317139
1,84226496378581
0,429266535441081
0,0653342723846436
1,41373247782389
0,488552576700846
-0,0318593239784241
0,748955726623535
0,0393397776285807
0,524198929468791
-1,82710520426432
-1,10072362263997
0,188934275309245
-2,8659819539388
-0,107426554361979
1,19897792816162
-4,56587646484375
-1,86931640625
1,4338813273112
-0,779215952555338
-1,68929331461589
1,24379625956217
-0,822324727376302
-1,34627319335938
1,16599324544271
-0,948297882080078
-1,05208160400391
1,14475733439128
-0,73419319152832
-0,815973129272461
0,890329259236654
-0,486212870279948
-0,614078191121419
0,602516034444173
-0,327673155466715
-0,481674690246582
0,542206281026204
-0,238927478790283
-0,338849385579427
0,3715225537618
-0,174415219624837
-0,238482456207275
0,213108851114909
-0,124825245539347
-0,154280576705933
0,226107610066732
-0,104332367579142
-0,108153038024902
0,158817151387533
-0,0629259459177653
-0,0477050622304281
0,0531197055180868
-0,0836123768488566
-0,048083864847819
0,05322425365448
-0,126177800496419
-0,0424755509694417
0,0379790178934733
-0,121397253672282
1
0
0
0
0
0
0
0
0
0
