0,00624820510546366
-0,137406997680664
0,0237195205688477
0,0331444263458252
-0,109689613978068
0,0163984044392904
0,0375539406140645
-0,103427467346191
0,0310888512929281
0,0914593203862508
-0,104014466603597
0,0545087258021037
0,167433322270711
-0,131077613830566
0,0348753229777018
0,127994114557902
-0,333211161295573
0,0535796531041463
0,15061718304952
-0,422768936157227
0,120243988037109
0,27741662979126
-0,371590194702148
0,122886775334676
0,295514602661133
-0,163527631759644
-0,0856941413879395
0,387499872843425
0,585790878931681
-2,10753888448079
-0,425669403076172
0,146234436035156
-3,25685974121094
-1,60699211120605
-1,4025558980306
-2,0866249593099
-1,81633112589518
-1,46357386271159
-1,64616729736328
-1,51107838948568
-1,46624786376953
-1,01088239034017
-0,647030334472656
-0,949604873657226
0,729611682891846
2,23527801513672
-1,14181757609049
3,8073476155599
1,24261113484701
-1,11702214558919
4,55784942626953
0,300021591186523
1,58620717366536
1,17005386352539
1,578212890625
3,0879237874349
-1,79650530497233
-2,42258148193359
1,15134567260742
0,224811426798503
-3,38449564615885
-2,32753901163737
0,766219075520833
-1,92290908813477
-1,39014012654622
-0,943577270507812
-0,886107521057129
-0,670489807128906
-0,932777252197266
-0,134323813120524
-0,0755524857838949
-0,893913777669271
0,0928658167521159
0,166549606323242
-0,82390754699707
-0,0810340801874797
0,0196134440104167
-0,490187123616536
-0,275163071950277
-0,165697008768717
-0,271278476715088
-0,248940092722575
-0,179486217498779
-0,159196173350016
-0,230804926554362
-0,0915338802337646
-0,0385329620043437
-0,239553451538086
-0,0923604838053385
0,0129340553283691
-0,250932884216309
-0,135404955546061
0,0433073051770528
-0,213471260070801
-0,116761067708333
0,0236266390482585
-0,185577494303385
-0,128767404556274
0,0404944801330566
1
0
0
0
0
0
0
0
0
0
