0,254314187367757
0,22081288655599
0,0324563137690226
0,294527556101481
0,162649262746175
0,0465568002065023
0,299979597727458
0,135425898234049
0,0455597225824992
0,313394095102946
0,136836624145508
0,0406718484560649
0,361821784973144
0,165250549316406
-0,00330480098724365
0,245913963317871
0,134456640879313
0,0183371408780416
0,176532643636068
0,118638194402059
0,109313723246257
0,185954793294271
0,246615924835205
0,0675147326787313
0,217237987518311
0,280378411610921
-0,127198850313822
0,201833521525065
0,309993953704834
-2,06467062632243
-0,615107574462891
-0,449100036621094
-2,85456700642904
-1,19102722167969
-0,758425229390462
-2,51673914591471
-2,2379237874349
0,0568191464742025
-1,30954198201497
-2,15851140340169
1,2113389078776
-1,0853315226237
-1,81105341593424
1,25179374694824
-0,743422190348307
-1,32078277587891
1,08786224365234
-0,34777416229248
1,16365269978841
-0,924379119873047
2,00508666992188
1,7280935160319
-3,51001658121745
3,78695760091146
0,98537607828776
-1,81695109049479
3,76100087483724
0,617497863769531
-0,278633995056152
2,71751825968424
0,799856236775716
0,572157325744629
0,600562845865885
0,729669240315755
0,908068339029948
-0,359028803507487
0,22736047744751
2,61718831380208
-1,56789723714193
0,237626342773438
2,12787821451823
-1,51777043660482
-3,6751552327474
-1,02958290100098
1,26958048502604
-2,82002227783203
-1,92103459676107
0,49341267267863
-1,61830301920573
-1,53753977457682
0,156685625712077
-1,02394477844238
-1,09044125874837
0,0951750691731771
-0,667058664957682
-0,840182495117188
0,104467407862345
-0,481198043823242
-0,653288281758626
0,0967871411641439
-0,340381704966227
-0,49801155090332
0,0487576198577881
-0,175253880818685
-0,403005447387695
-0,0120927802721659
-0,0425432030359904
-0,33713072458903
-0,0696002197265625
1
0
0
0
0
0
0
0
0
0
