0,41431406656901
0,305012842814128
0,0565804306666056
0,371103502909342
0,201004772186279
0,162710679372152
0,357021319071452
0,118556219736735
0,270641714731852
0,383763440450033
0,040188516775767
0,402798245747884
0,499466069539388
0,062669350306193
0,439918479919434
0,719006017049154
0,0231455878416697
0,379628308614095
0,597886975606283
-0,212838150660197
0,37868906656901
0,514044723510742
-0,326711120605469
0,407006441752116
0,597367337544759
-0,273084977467855
-0,0264786465962728
0,486028366088867
-0,0476984405517578
-2,01906614939372
-0,142490539550781
1,22075663248698
-3,40266815185547
-1,3255414835612
0,872009404500326
-2,61934875488281
-1,23790723164876
0,13164000193278
-1,70209767659505
-0,955949147542318
0,0421947407722473
-1,07439002990723
0,966422119140625
-0,524463578859965
1,9138042195638
1,2632133992513
-1,38552057902018
3,89762054443359
-0,430563456217448
1,62321319580078
2,44896987915039
0,499017435709635
3,064892578125
-0,159382263819377
2,58011372884115
3,89548461914063
-2,8699116007487
-1,73191212972005
1,00033655802409
0,138826599121094
-3,74542317708333
-1,91780181884766
0,882083002726237
-2,25525243123372
-1,24681688944499
-0,49868398030599
-1,86159388224284
-1,16491366068522
-0,259418048858643
-1,31241989135742
-0,970274149576823
-0,162588055928548
-0,859252192179362
-0,71813840230306
-0,0804062747955322
-0,585244204203288
-0,527224769592285
-0,0662331342697143
-0,418488235473633
-0,373024355570475
-0,137547101974487
-0,256789569854736
-0,220992037455241
-0,215910809834798
-0,0979173024495443
-0,0788771565755208
-0,241475938161214
-0,0348217105865479
-0,0581809107462565
-0,220581537882487
-0,0191110686461131
-0,113761126200358
-0,18180290222168
0,0833978239695231
-0,0983315245310465
-0,155584433873494
0,248261801401774
0,00116215864817301
-0,179997730255127
1
0
0
0
0
0
0
0
0
0
