-0,0276660124460856
0,0719908650716146
-0,0431439940134684
-0,0185356283187866
0,107804257074992
-0,0625526889165243
-0,0263163161277771
0,150031293233236
-0,0780795272191366
-0,0268894823392232
0,127101678848267
-0,0760651032129924
-0,00660639047622681
0,0316254528363546
-0,0471164608001709
0,0122183163960775
-0,0442308799425761
0,00260814150174459
0,0120034974813461
-0,104169308344523
0,0220466605822245
-0,00446788708368937
-0,196324005126953
0,020669842561086
0,0459355529149373
-0,367335421244303
0,104744843641917
0,77559191385905
-1,36253648122152
1,92508997599284
2,16482165018717
-1,36893020629883
3,28030019124349
0,761880137125651
-1,36406723022461
4,49494832356771
0,0102188364664714
-0,232754211425781
2,04899475097656
-0,0480028676986694
1,85608795166016
1,43871332804362
0,272493314743042
1,75446512858073
-0,411964289347331
0,0863993199666341
1,75185028076172
-3,52339223225911
-0,991016438802083
-1,31697540283203
-2,47630523681641
-2,19752395629883
-2,63383544921875
-1,93143572489421
-1,81919326782227
0,140185750325521
-0,220578072865804
-1,09666570027669
0,834160232543945
0,209585355122884
-0,84351676940918
1,01314544677734
0,842341753641764
-0,485577863057454
1,76721270243327
1,00022928873698
-1,61292865753174
1,83175750732422
0,0171402231852213
-2,32495442708333
-0,170236937204997
1,42897715250651
-1,82092569986979
-0,242051938374837
1,11540186564128
-1,42494837443034
-0,22688045501709
0,762073771158854
-1,29793833414714
-0,435777867635091
0,663198445638021
-1,0438107808431
-0,428954544067383
0,530293108622233
-0,597702852884928
-0,231116180419922
0,353697217305501
-0,332523492177327
-0,0982872358957926
0,214470055898031
-0,268323186238607
-0,0839285802841186
0,153831380208333
-0,195423851013184
-0,0131308690706889
0,10038828531901
-0,0424729474385579
0,0880207220713298
0,0238376371065776
1
-1
-1
-1
-1
-1
-1
-1
-1
-1