0,310003147125244
0,488764635721842
-0,39390318552653
0,304920953114827
0,353949540456136
-0,479213358561198
0,196754976908366
0,238855037689209
-0,503598492940267
0,146449785232544
0,165623658498128
-0,438507194519043
0,0717643896738688
0,105132973988851
-0,372541465759277
0,00860748608907064
0,0370929797490438
-0,417446123758952
-0,0708091020584106
-0,150736516316732
-0,444067077636719
-0,11400398572286
-0,362417062123617
-0,444067077636719
-0,0544122250874837
-0,45148754119873
-0,337324676513672
1,05530691146851
-0,566403554280599
2,14080373128255
2,940400390625
-1,58720453898112
5,36408040364583
1,15362614949544
-1,99128003438314
5,03926025390625
-0,0322110112508138
0,649537353515625
2,40649291992188
0,245430603027344
0,986537450154622
-0,238988037109375
-1,00053151448568
0,152652943929037
-5,1386469523112
-2,39706837972005
-2,89484934488932
-3,31651255289714
-2,5623578898112
-1,53290201822917
-0,293417998949687
-2,08055745442708
-1,47584248860677
0,151052378018697
-1,57806020100911
-1,20593798319499
0,597724889119466
-1,21930526733398
-0,8165491994222
0,648251342773437
-2,66333119710286
-0,105786298116048
1,16744305928548
-1,82146519978841
-0,227725286483765
1,52164723714193
-1,21412384033203
0,0949028714497884
1,15784599304199
-0,727389221191406
0,17432687441508
0,773559494018555
-0,454957555135091
0,133783470789591
0,562144877115885
-0,236386559804281
0,0905362764994303
0,421455485026042
-0,151540857950846
0,0117696944872538
0,313715419769287
-0,169671694437663
0,0011838976542155
0,214241669972738
-0,150789267222087
0,103076397577922
0,119734675089518
-0,115299377441406
0,146982275644938
0,0914105399449666
-0,118396797180176
0,0872025489807129
0,0693137741088867
-0,0851586071650187
0,0670192654927572
0,0968955930074056
0,0356764618555705
0,151003233591715
0,0657006661097209
1
0
0
0
0
0
0
0
0
0
