0,00873654842376709
-0,0082105545202891
0,0205174469947815
0,0447904427846273
0,0204511022567749
-0,0175700732072194
-0,00076740821202596
0,0196658980846405
-0,0298659984270732
0,0199664501349131
0,0446321193377177
-0,0346603449185689
0,0530811675389608
0,111855147679647
-0,0868366591135661
0,0944965902964274
0,181205946604411
-0,131246636708577
0,280286153157552
0,283011652628581
-0,225660057067871
0,384154434204102
0,133062858581543
-0,480487950642904
0,23964848836263
-0,23678900718689
-0,336801668802897
1,49430806477865
-1,11349678039551
2,17389150619507
0,686011912027995
-0,633893407185872
4,54917154947917
0,317225774129232
0,560323028564453
3,38709309895833
1,16940910339355
1,252841796875
1,76707895914714
1,07029963175456
0,896498107910156
-0,313871205647787
-0,00448955535888669
0,263380781809489
-4,61961883544922
-2,61154947916667
-1,33572067260742
-2,4124193572998
-2,71930165608724
-1,24874336242676
-0,95206657409668
-2,21803141276042
-1,19528284708659
-0,613190790812175
-1,68821955362956
-0,906665827433268
-0,0734708754221598
-1,24824689229329
-0,554925956726074
0,332085393269857
-1,80048800150553
-0,0477836481730143
0,484262275695801
-2,45453267415365
-0,309722671508789
2,04094421386719
-1,59278772989909
-1,02912384033203
1,62781743367513
-1,21424911499023
-0,65736998240153
1,1398489634196
-0,71502924601237
-0,568247057596842
0,851714884440104
-0,350840682983398
-0,469844779968262
0,569768905639648
-0,265669854482015
-0,484023679097494
0,387019017537435
-0,229342918395996
-0,439044087727865
0,202927697499593
-0,0449536895751953
-0,198212738037109
0,0712874142328898
0,105035217603048
0,0289245812098185
-0,0632781712214152
0,114722868601481
0,0701820913950602
-0,0728659264246623
0,0855872313181559
0,0596319150924683
-0,0538709259033203
0,127487255732218
0,059154733022054
-0,0427408266067505
1
-1
-1
-1
-1
-1
-1
-1
-1
-1