0,392640151977539
0,5087273534139
-0,222438882191976
0,312906265258789
0,599858792622884
-0,244142990112305
0,211948026021322
0,625244878133138
-0,187330379486084
0,176275939941406
0,812503458658854
-0,189879061381022
0,156232029596965
0,741924031575521
-0,157499653498332
0,113995997111003
0,631919377644857
-0,124974327087402
0,12935201327006
0,693330663045247
-0,095093781153361
0,167335987091064
0,614299545288086
0,0242693440119425
0,120174446105957
0,456374053955078
0,239265899658203
-0,165251890818278
-0,664542185465495
2,46905385335286
0,220353507995605
-0,764577484130859
2,56079925537109
0,742337036132812
-1,88321345011393
3,37854471842448
0,382835795084635
-0,904781951904297
3,40056030273437
-0,65426217397054
-1,40101618448893
2,38633021036784
-0,373157920837402
-1,56105153401693
1,73007120768229
0,00667893091837565
-1,12778849283854
1,27371325174967
0,240056858062744
-0,857950592041016
0,91042360941569
0,342860298156738
-0,717237854003906
0,541585871378581
0,0325372060139974
0,0608814875284831
-2,85431927363078
-1,04867619832357
0,865320638020833
-3,01453358968099
-1,50010676066081
1,71445297241211
-1,82372131347656
-1,81530949910482
1,96757441202799
-1,40560791015625
-1,18765563964844
1,77743977864583
-0,94243034362793
-0,403144696553548
0,989619216918945
-0,571956456502279
-0,410989786783854
0,634233487447103
-0,346916020711263
-0,371396350860596
0,392261390686035
-0,169364471435547
-0,330545724232992
0,23177152633667
-0,00943154414494832
-0,262311859130859
0,055974768002828
0,0125805747509003
-0,197955767313639
-0,105594395001729
-0,028115428686142
-0,160962260564168
-0,169364980061849
-0,0670796918869018
-0,109098364512126
-0,128953539530436
-0,0996471691131592
-0,0839527082443237
-0,115470081965129
-0,0791449006398519
-0,0636181052525838
-0,103261000315348
-0,055156839688619
1
0
0
0
0
0
0
0
0
0
