0,012053743203481
-0,024961302280426
-0,0547758324940999
0,034762966632843
-0,0256895669301351
-0,0302446349461873
0,0873248163859049
0,0434575136502584
-0,103515405654907
0,0409719761212667
0,0348712317148844
-0,165173355738322
0,0380326612790426
0,0107013411323229
-0,215980116526286
0,267786121368408
0,119343407948812
-0,337350953420003
0,687918167114258
0,220776863098145
-0,471512247721354
0,702465756734212
0,207258167266846
-0,471515248616536
0,623739700317383
0,209121621449788
-0,0712888113657633
1,6335498046875
0,642763595581055
1,76371199289958
1,1889436340332
0,809266866048177
2,88861673990885
0,511090952555339
0,699067535400391
1,86837895711263
1,21512667338053
-0,262425537109375
-1,45671010335286
-0,381508280436198
0,928694203694661
-3,75684590657552
-2,77798350016276
-0,344729436238607
-0,07512451171875
-0,975894673665364
1,38224426269531
1,23459739685059
-0,796552098592123
0,816451212565104
2,26531138102214
-1,2021319325765
-1,41552978515625
2,12603658040365
-2,66501200358073
-0,614521853129069
0,813761876424154
-1,58064666748047
-2,41764363606771
1,06355036417643
-1,33970675150553
-2,00038981119792
0,739742622375488
-0,810077006022135
-1,56122665405273
0,341236743927002
-0,548143005371094
-1,2374606068929
0,205962924957275
-0,484250424702962
-1,05113833109538
0,287145671844482
-0,394004783630371
-0,82227544148763
0,281467316945394
-0,262828229268392
-0,605257975260417
0,174776760737101
-0,205333239237467
-0,470384928385417
0,142525803248088
-0,111963796615601
-0,203370405832926
0,0386002580324809
-0,111620375315348
-0,140259939829508
0,00536639054616292
-0,130724347432454
-0,198936246236165
0,0110885572433472
-0,0782807954152425
-0,169642473856608
0,00738142510255178
0,0163324737548828
-0,079463939666748
-0,00379208525021871
0,0752078342437744
-0,0181659984588623
-0,0434098466237386
1
0
0
0
0
0
0
0
0
0
