0,454717674255371
0,254736073811849
-0,427873293558757
0,345422744750977
0,285250587463379
-0,396673787434896
0,243094838460286
0,208486563364665
-0,28040101369222
0,223381964365641
0,113803373972575
-0,165190258026123
0,153441909154256
0,0624268595377604
-0,117957455317179
0,0730811309814453
0,0401634995142619
-0,108976618448893
0,095394172668457
0,0766298421223958
-0,120492560068766
0,155544640223185
0,16544794400533
-0,230496565500895
0,270993925730387
0,214567165374756
-0,326680971781413
1,72105829874674
0,343634815216064
-0,507760314941406
0,670583400726318
0,800159467061361
-0,399430669148763
1,32152813593547
0,551910756429037
0,957239996592204
2,16449198404948
-0,137817509969076
3,39289357503255
0,0696014912923177
0,518461125691732
3,01992065429688
-0,435236587524414
0,0838032658894857
1,51454249064128
1,02662083943685
0,381704756418864
-2,68595982869466
0,116883494059245
-0,282285448710124
-4,03446512858073
-2,13321024576823
-0,373274822235107
-2,36849477132161
-1,71369155883789
-0,083371098836263
-1,28594329833984
-1,08448847452799
-0,131048720677694
-0,53365291595459
-1,08574671427409
-0,745716330210368
1,65134196599325
-2,22699467976888
-1,5601994450887
0,845955556233724
-2,83481089274089
-1,31904872894287
1,15553560892741
-2,03690729777018
-2,32049067179362
1,52494639078776
-1,67868138631185
-1,92381871541341
1,14764444986979
-1,15188415527344
-1,52999593098958
0,90853630065918
-0,794607899983724
-1,12550893147786
0,745739186604818
-0,574187253316243
-0,772372055053711
0,601640714009603
-0,439744987487793
-0,523788414001465
0,455373153686523
-0,312322839101156
-0,33620548248291
0,256944535573324
-0,194583148956299
-0,268157539367676
0,13297443707784
-0,0917788283030192
-0,194228922526042
0,103733781178792
-0,00555280566215515
-0,0704268360137939
0,0559113025665283
1
-1
-1
-1
-1
-1
-1
-1
-1
-1