0,509537862141927
0,163663342793783
-0,0246141596635183
0,314838085174561
0,173508447011312
-0,0262913548946381
0,247459767659505
0,261393744150798
-0,109200205802917
0,258409283955892
0,324475612640381
-0,22458194732666
0,303708915710449
0,464361241658529
-0,351072756449381
0,395213368733724
0,56937016805013
-0,408727467854818
0,630606600443522
0,707048746744792
-0,524274520874023
0,52157278696696
0,50999153137207
-0,47193146387736
0,500816434224447
0,324583409627279
-0,0136526203155518
0,715709737141927
0,479206924438477
2,05183765411377
2,15089462280273
-1,25067451477051
3,68361846923828
0,615365244547526
-0,588817036946615
2,00034525553385
0,48884575843811
-0,370883750915527
0,0231370035807292
-0,359071286519369
1,92403406778971
0,413717981974284
-0,286237131754557
1,08776257832845
0,365436083475749
0,554709281921387
-1,10556603749593
-2,47945631027222
-2,82785558064779
-0,664420776367188
-2,67470230102539
-1,58011047363281
-0,109861265818278
-2,29463195800781
-1,28983006795247
-0,38891773223877
-1,70195521036784
-1,08745465596517
-0,650196228027344
-1,08649454752604
-0,912529093424479
-0,62816520690918
-0,607830759684245
-0,781628850301107
-0,189856144587199
-0,164160060882568
-2,1375400797526
-0,336096115112305
1,06969308217367
-2,91614084879557
-2,6904530843099
2,53845591227214
-1,65355458577474
-2,09389002482096
0,978121846516927
-1,01699610392253
-1,4994753519694
0,658214403788249
-0,514842236836751
-1,07283521016439
0,362316621144613
-0,412006365458171
-0,995139643351237
0,308035329182943
-0,47642079671224
-0,948547973632813
0,335629577636719
-0,556272226969401
-0,750595194498698
0,264872900644938
-0,516372362772624
-0,509704551696777
0,0798708788553874
-0,36397439956665
-0,374298998514811
-0,0117860043048859
-0,200954195658366
-0,238972288767497
-0,0554184579849243
1
-1
-1
-1
-1
-1
-1
-1
-1
-1