0,142139056523641
0,00178306818008423
0,0587509139378866
0,197179368336995
0,0269978435834249
0,0529973745346069
0,311650199890137
0,0249024271965027
0,00391138394673665
0,256972192128499
-0,241495100657145
0,133202095031738
0,280199979146322
-0,461191864013672
0,390356826782227
0,290313510894775
-0,438122711181641
0,509759890238444
0,370350735982259
-0,167137209574381
0,529024645487468
0,407355524698893
-0,0311697133382161
0,404580771128337
0,334878648122152
0,129781475067139
0,0527145806948344
0,772784328460693
0,43265677134196
-1,62735735575358
-0,723439636230469
0,916461029052734
-2,00956481933594
-0,839903767903646
-0,0937740961710612
-2,47255355834961
-0,67459103902181
-0,605552749633789
-1,54517323811849
-0,799115778605143
-0,359295603434245
-0,932823257446289
-0,675849202473958
-0,437556279500326
-0,792627665201823
-0,534478429158529
-0,355233465830485
-0,647740020751953
-0,334271450042725
-0,0628087401390076
-0,52245418548584
-0,199823900858561
-0,685419391791026
2,02248807271322
1,30431934356689
-1,54946492513021
3,12405944824219
1,32437787373861
-1,82761233011882
3,11440897623698
0,503764546712239
-0,862951126098633
2,75220357259115
0,797074076334635
0,718691075642904
0,795316556294759
0,284216054280599
2,21372899373372
-0,888684666951498
-0,0128694661458334
1,68189971923828
-2,36408350626628
-2,4432270304362
-0,405040537516276
0,889224395751953
-2,66911605834961
-1,58732457478841
0,694628308614095
-1,91805740356445
-1,2303485361735
0,0894275093078613
-1,32983004252116
-0,867662404378255
-0,0390906794865926
-0,879316329956055
-0,545179646809896
-0,166022466023763
-0,632394282023112
-0,458228861490885
-0,159003820419312
-0,481970443725586
-0,422481969197591
-0,108158795038859
-0,28869021097819
-0,273417682647705
-0,106894540786743
-0,149359947840373
-0,1490660572052
-0,0960614442825318
1
-1
-1
-1
-1
-1
-1
-1
-1
-1