0,304096342722575
0,183673280080159
0,0104122292995453
0,263687998453776
0,158157615661621
0,019841765165329
0,237267831166585
0,154461628595988
0,0243935712178548
0,292360591888428
0,226003239949544
0,00334253410498301
0,492522125244141
0,305401986440023
-0,0298562097549438
0,613144187927246
0,285333124796549
-0,0944506454467774
0,42067138671875
0,106192417144775
0,0546456750233968
0,363329264322917
0,263899510701497
0,0881167538960775
0,33522341410319
0,312878328959147
-0,118084969520569
-0,0615083312988281
0,349889577229818
-1,92768819173177
-0,581132481892904
-0,887693557739258
-1,61234039306641
-0,782661005655924
-1,77984842936198
-2,19428288777669
-1,64807149251302
-2,02657979329427
-0,874617869059245
-1,48947168986003
-1,67088200887044
-0,829577611287435
-1,21558573404948
-1,3914155069987
-0,641045417785645
-0,947871576944987
-1,03852605183919
-0,303244393666585
-0,421105690002441
-1,01694007873535
1,56577735900879
1,68096072514852
-1,0011708577474
2,6809071858724
2,34190622965495
-2,45681838989258
4,11945658365885
1,3022966003418
0,221249542236328
2,91929626464844
0,387716522216797
-0,911786244710286
1,12398457845052
0,603918520609538
2,548828125
-0,840142644246419
0,0134654490152995
3,54144643147786
-2,88356363932292
-1,45110697428385
0,548652750651042
0,756167291005453
-2,73369547526042
-1,89995442708333
1,19182673136393
-2,02882441202799
-1,46939849853516
-0,0124960168202718
-1,32972902933756
-1,0462636311849
-0,183168977101644
-0,835262654622396
-0,615047594706217
-0,354145749409993
-0,751017939249675
-0,450376815795898
-0,298879172007243
-0,806985549926758
-0,441453971862793
-0,130638529459635
-0,740230763753255
-0,428261795043945
-0,0611020024617513
-0,614207369486491
-0,385437100728353
-0,0864613421758016
-0,530683199564616
-0,342737795511881
-0,0917339579264323
1
-1
-1
-1
-1
-1
-1
-1
-1
-1