0,0815362707773844
-0,116848513285319
0,0313969866434733
0,125041834513346
-0,0559465233484904
0,00103379557530085
0,136603749593099
-0,0385439729690552
0,0217238390445709
0,210434722900391
0,0110060278574626
0,00929787874221802
0,330722332000732
0,0927142333984375
-0,0569422618548075
0,487142626444499
0,249921169281006
-0,172284456888835
0,610810292561849
0,36318857828776
-0,252938289642334
0,607956352233887
0,382448616027832
-0,270496292114258
0,268401921590169
0,208865343729655
0,00485940297444661
0,167342414855957
0,134812831878662
1,93076203664144
0,193301378885905
-0,0604839897155762
3,31700897216797
0,245219306945801
-0,579493459065755
3,27704193115234
0,0205872599283854
0,317703247070313
2,41123443603516
0,308051331837972
-0,253027369181315
0,203985169728597
1,28906305948893
0,265990454355876
-4,10748591105143
-0,811512756347656
-0,273952382405599
-4,12807881673177
-0,0984858830769857
-0,111512120564779
-2,86040751139323
-0,565752245585124
-0,643322614034017
-1,21837140401204
-0,577855059305827
-0,468436559041341
-0,644501012166341
-0,599013938903809
-0,116150035858154
-0,0498249435424805
-0,571743698120117
0,218736133575439
0,235725348790487
-3,42303232828776
-0,365081348419189
0,997137626012166
-2,70154474894206
-1,73954116821289
1,48481623331706
-2,06387985229492
-1,46920160929362
1,09907516479492
-1,34711390177409
-1,0586594136556
0,844712041219076
-0,807790603637695
-0,742214787801107
0,623657557169596
-0,705922698974609
-0,59036371866862
0,478962605794271
-0,664385579427083
-0,536833267211914
0,346886444091797
-0,481463559468587
-0,423618532816569
0,226580416361491
-0,267394434611003
-0,26340633392334
0,150528577168783
-0,204188073476156
-0,245079695383708
0,141802364985148
-0,216067886352539
-0,238627389272054
0,138874212900798
-0,15666132291158
-0,248591016133626
0,125184469223022
1
0
0
0
0
0
0
0
0
0
