-0,0341454680760701
-0,134351015090942
0,0532721122105916
-0,0421835803985596
-0,0924514722824097
0,057074408531189
-0,0321503257751465
-0,0590264987945557
0,0432212686538696
-0,032028288046519
-0,0430375941594442
0,0392144870758057
-0,0245814569791158
-0,0338805373509725
0,035910754998525
-0,0103397522370021
-0,0245822278658549
0,0277224413553874
0,00913773755232493
-0,0400769058863322
0,0193595727284749
0,0438464124997457
-0,00483122110366821
0,0164577118555705
0,0804071617126465
0,031909499168396
0,0526394216219584
0,221555239359538
-2,24930572032928
2,94734169642131
0,17699597676595
-0,449474182128906
3,73500559488932
-0,244477380116781
0,956185658772787
1,6028537495931
0,349887301127116
-0,744202423095703
3,10460093180339
1,22767684936523
-1,33107818603516
2,26373072306315
1,10016960144043
-1,09190979003906
1,78148783365885
1,03713551839193
-0,738663902282715
1,27665875752767
0,853398869832357
-0,433530540466309
0,769176483154297
0,813421376546224
0,110732746124268
-0,47566961924235
0,392137196858724
1,17238065083822
-2,87562103271484
-0,75843147277832
0,21194211324056
-3,00571512858073
-1,95467028299967
1,51838605244954
-2,43542933146159
-1,85555658976237
1,73502548217773
-1,53157430013021
-1,51439570109049
1,67423024495443
-1,49245981852214
-1,34840115865072
1,55164321899414
-1,1852682240804
-0,99106315612793
1,17876833597819
-0,860331344604492
-0,810511703491211
0,763676503499349
-0,549395713806152
-0,585167439778646
0,357697041829427
-0,330296115875244
-0,417394142150879
0,159247172673543
-0,229560871124268
-0,293138872782389
7,80598322550457E-05
-0,196710287729899
-0,220320739746094
-0,124317881266276
-0,146576388676961
-0,163656107584635
-0,15642009417216
-0,108855015436808
-0,117780507405599
-0,100215272903442
-0,0973954391479492
-0,0947834459940592
-0,00337713996569316
-0,0957668654123942
1
0
0
0
0
0
0
0
0
0
