0,258376083374023
0,0340074022610982
-0,0732802613576253
0,378713048299154
0,106307649612427
-0,172417141596476
0,410425237019857
0,118704875310262
-0,22396266301473
0,330257937113444
0,0868329270680746
-0,210077946980794
0,240210329691569
0,0634209950764974
-0,235424588521322
0,232774206797282
0,0533951123555501
-0,217935473124186
0,410878880818685
0,123769671122233
-0,181549479166667
0,399848429361979
0,0854202763239543
-0,184449558258057
0,161670417785645
-0,131180868148804
0,0688111877441406
0,458431104024251
-0,152993822097778
2,07934441884359
1,26356887817383
-0,396629756291707
3,89666961669922
0,449657020568848
-0,425116271972656
3,04198333740234
0,186767857869466
-0,176093947092692
2,04251261393229
0,813529694875081
1,69003128051758
-0,797343673706055
0,525705540974935
0,344500325520833
-2,73516245524089
-0,396989771525065
-0,463119506835938
-2,89108876546224
-0,594110997517904
-0,354736633300781
-3,43352803548177
-2,34485315958659
-0,57151865641276
-2,42244659423828
-2,0819814046224
-0,544513778686523
-1,95943634033203
-1,62852233886719
-0,469392878214518
-1,32380350748698
-0,17576176961263
0,0860732905069987
1,69156707763672
0,278563868204753
0,838164443969727
2,96319615681966
-2,52866394042969
-0,304908892313639
1,24459986368815
-2,59934707641602
-1,74761871337891
0,719735794067383
-0,936229451497396
-1,23160573323568
0,138461793263753
-0,361121463775635
-0,803419926961263
0,0113765605290731
-0,283826313018799
-0,667304331461589
0,0575537379582723
-0,384693959554036
-0,703114064534505
0,0985421466827393
-0,365475654602051
-0,601881586710612
0,043659184773763
-0,232642161051432
-0,421490211486816
-0,032787663936615
-0,15952605565389
-0,325106658935547
-0,0492260440190633
-0,170180107752482
-0,321336911519369
-0,0210065682729085
-0,169033842086792
-0,319255587259928
-0,0261975995699565
1
0
0
0
0
0
0
0
0
0
