0,197693901062012
0,0419869510332743
-0,282774314880371
0,272072633107503
0,0856070327758789
-0,319431845347087
0,238107471466064
0,085406273206075
-0,359948539733887
0,17446356455485
0,0102753329277039
-0,379312527974447
0,231499137878418
0,0082513431708018
-0,373839263916016
0,240011246999105
-0,0629114226500193
-0,405587196350098
0,0516659100850423
-0,214813365936279
-0,324947547912598
-0,0432426341374715
-0,212086435953776
-0,227701148986816
-0,0366673628489176
-0,214434445699056
-0,0767235088348389
0,839692958196004
-0,29968957901001
2,21361817677816
1,66397827148437
-0,960509643554687
3,78538269042969
0,450414072672526
-1,08460810343424
3,09724360148112
-0,13817385673523
-1,15311093648275
2,15400792439779
0,402548076311747
-0,887434158325195
0,135423431396484
1,13387776692708
1,11314247131348
-6,06303141276042
-1,62506459554036
0,458237915039063
-3,65265401204427
-1,89487604777018
0,0475749580065409
-0,943168055216471
-1,43346115112305
0,3111212793986
-0,436770782470703
-1,11725440979004
0,395874964396159
0,249184754689534
-1,03218599955241
0,466521441141764
0,377843271891276
-2,99541320800781
-1,5928117497762
1,82669692993164
-2,60912587483724
-1,94989672342936
0,77155392964681
-1,70375544230143
-1,08384719848633
-0,0101520649592082
-1,14648025512695
-0,848355611165365
0,0834823719660441
-0,771090571085612
-0,616999333699544
0,12758448600769
-0,697499593098958
-0,657305628458659
0,158776321411133
-0,650985298156738
-0,623443298339844
0,0638211584091186
-0,553144327799479
-0,49547430674235
-0,0302662523587545
-0,471203231811524
-0,442080141703288
-0,0484844779968262
-0,394140764872233
-0,400631968180339
-0,0525077406565348
-0,391397984822591
-0,400031293233236
-0,0595202525456746
-0,330202318827311
-0,33185557047526
-0,080417423248291
-0,131181438763936
-0,235513750712077
-0,0713958930969238
1
0
0
0
0
0
0
0
0
0
