0,34363463083903
0,184899794260661
-0,24561741511027
0,471239649454753
0,210434398651123
-0,288839054107666
0,601607945760091
0,214670632680257
-0,321141185760498
0,616497802734375
0,171853618621826
-0,340257186889648
0,639132766723633
0,132607809702555
-0,350249557495117
0,496849047342936
0,0260747178395589
-0,337230478922526
0,260507316589355
-0,240560894012451
-0,136664791107178
0,198192965189616
-0,335996780395508
0,0343957376480103
0,207856388092041
-0,341675612131755
0,333526166280111
0,269286727905273
-0,596737537384033
1,8245448811849
0,316238670349121
0,846476669311523
2,3863710530599
0,340898812611898
2,18456507364909
2,27923233032227
0,627685928344727
1,28434366861979
0,634889805316925
0,803569590250651
0,674052206675212
-0,785532367229462
-0,0847720336914062
2,12789733886719
-2,55168813069661
-0,222776718139648
2,0657243347168
-2,61921320597331
-1,12210405985514
0,0581005112330119
-0,959225006103516
-1,09013539632161
-0,057506742477417
-0,998270950317383
-1,07388198852539
-0,141145009994507
-0,901278076171875
-0,953877309163411
-0,20962610244751
-0,666078389485677
-0,735552215576172
-0,174322039286296
-0,410403016408285
-0,246054019927979
-0,234484806060791
2,42140029907227
-0,281324507395426
-0,176881141662598
2,01806091308594
-3,93360575358073
-1,51739908854167
1,36981129964193
-2,10656153361003
-1,97409586588542
0,950916290283203
-1,1674683380127
-1,2803121693929
0,432687327067057
-0,594896291097005
-0,808086700439453
0,243479461669922
-0,475398165384928
-0,666937713623047
0,173832982381185
-0,559299341837565
-0,672041295369466
0,150632356007894
-0,468919283548991
-0,573824818929036
0,0772576554616292
-0,286475690205892
-0,418325792948405
0,00292291402816772
-0,222812620798747
-0,381402397155762
-0,00750330666700999
-0,213464431762695
-0,36710865020752
0,0225065072377523
1
-1
-1
-1
-1
-1
-1
-1
-1
-1