0,0977513345082601
0,162924712498983
0,115189291636149
0,0854760678609212
0,151928571065267
0,0266908725102743
0,0940651798248291
0,192801831563314
-0,0876613203684489
0,220191555023193
0,25076587677002
-0,187653032938639
0,298218193054199
0,342100423177083
-0,362429478963216
0,384699618021647
0,449703979492187
-0,530111707051595
0,319117736816406
0,378416989644368
-0,692123769124349
0,0691105715433756
0,217946739196777
-0,552726440429687
0,115178438822428
0,347670675913493
-0,0724302482604981
0,391538022359212
-0,18515188852946
2,18178747812907
0,411855303446452
-1,570400390625
3,59154988606771
-0,0961243947347005
-0,486049194335938
2,30995508829753
-0,535783487955729
-0,69897647857666
1,26671615600586
-0,381974919637044
-0,651436093648275
0,775849990844727
-0,326325302124023
-1,005703125
-3,26496297200521
-0,44201416015625
-0,898224792480469
-2,90679890950521
-0,709050470987956
1,36150113423665
-2,02079533894857
-0,179643586476644
3,18396774291992
-0,670062052408854
0,144419743220011
3,05972213745117
1,61224380493164
-3,21326797485352
-1,83747950236003
0,347300415039063
-2,84474141438802
-1,89165191650391
0,952056134541829
-0,837800649007161
-1,95992960611979
1,13059893290202
-0,464019152323405
-1,50541193644206
0,804905751546224
-0,177389869689941
-1,16479721069336
0,524992141723633
-0,194193242390951
-1,10050028483073
0,488242556254069
-0,219851144154867
-1,00936078389486
0,373222980499268
-0,188979174296061
-0,68735279083252
0,139464545249939
-0,0924851989746094
-0,305813318888346
0,0322860860824585
-0,0322506427764893
-0,229741694132487
0,0807771905263265
-0,032541499932607
-0,329940872192383
0,137375240325928
0,00258404811223348
-0,357377484639486
0,106680186589559
0,0867139784495036
-0,361982142130534
0,0763984664281209
0,229957841237386
-0,188538815180461
0,0787471548716227
1
-1
-1
-1
-1
-1
-1
-1
-1
-1