0,605691312154134
0,321135323842366
0,00578732093175252
0,53817751566569
0,34468329111735
-0,0746997928619385
0,53728588104248
0,324352238972982
-0,0912371953328451
0,643923975626628
0,327124926249186
-0,123417539596558
0,810274175008138
0,354319674173991
-0,135742241541545
0,936152420043945
0,413066533406576
-0,0959057935078939
0,923309834798177
0,437381375630697
-0,0763771931330363
0,899957656860352
0,417920773824056
-0,0649716917673747
1,1196231842041
0,674108276367187
-0,231662775675456
1,154052734375
0,253347320556641
-0,611748021443685
0,558121897379557
-0,280062173207601
-0,258247439066569
1,45075388590495
-1,53218654632568
3,6710600789388
1,25380187988281
-3,55897939046224
5,38359334309896
0,616956125895182
-2,43806650797526
3,89391194661458
-0,596815770467122
-0,9554088083903
-0,614293619791667
0,534206123352051
-0,499645258585612
-2,19126345316569
-0,545131174723307
2,42096832275391
-5,44378336588542
-1,52895690917969
3,82273234049479
-4,24454528808594
-1,37094975789388
1,92702863057454
0,0373493957519531
-0,71362803141276
0,168409922917684
0,507790412902832
0,0799900309244792
-3,84754740397135
1,71882527669271
-2,35278007507324
-1,9101801554362
-0,501103668212891
-2,77894678751628
-1,80026387532552
1,97214579264323
-1,59208577473958
-2,06091740926107
1,08851895650228
-1,12084147135417
-1,69065770467122
0,665267918904622
-0,676143620808919
-1,60733825683594
0,433105926513672
-0,496603444417318
-1,4405729675293
0,287301553090413
-0,531533368428548
-1,26417958577474
0,274419059753418
-0,549285303751628
-0,999629872639974
0,250644543965658
-0,438576812744141
-0,729393132527669
0,21776486714681
-0,325661462148031
-0,544490915934245
0,194786415100098
-0,297674268086751
-0,406548652648926
0,146979920069377
-0,330433934529622
-0,361385854085287
0,0846756521860759
1
0
0
0
0
0
0
0
0
0
