-0,0286387324333191
0,072378134727478
-0,0507361300786336
-0,0267774271965027
0,0800187015533447
-0,0500739701588949
-0,0257574796676636
0,0663427019119263
-0,050252046585083
-0,0227549839019775
0,0641966406504313
-0,0539488315582275
-0,0188716785113017
0,0427946058909098
-0,0404902942975362
-0,00694807857275009
-0,000356884201367696
-0,0170863829056422
0,00639047582944234
-0,0152510525782903
-0,00811897158622742
0,00808495938777924
0,0502345077196757
-0,0308140087127686
0,0230897678931554
0,101253182093302
0,1141059978803
0,196358022689819
-1,16466442743937
1,84484017690023
0,803030090332031
-1,52665827433268
2,10277145385742
1,34621078491211
0,784729487101237
4,62251200358073
1,33441416422526
0,653882395426432
2,25810623168945
0,868632303873698
-0,579234466552734
1,4466562906901
1,11949752807617
-0,291733474731445
-2,4241584777832
-0,922254333496094
-0,257869129180908
-2,46966807047526
-1,27700032552083
-0,156954154968262
-3,19116221110026
-1,55944061279297
0,909505004882813
-2,53079416910807
-1,08031580607096
0,629529266357422
-1,87385894775391
-0,750359420776367
0,387649281819661
-1,36586140950521
-0,662948493957519
0,255908215840658
-0,757001063028971
-1,30759347279867
-0,0425390116373698
-0,39839599609375
-3,47234354654948
-0,334366887410482
1,4000580851237
-2,13003306070964
-1,51925338745117
2,43661051432292
-1,58274449666341
-1,31311139424642
1,9783745320638
-0,822998377482096
-0,887430063883464
1,25175738016764
-0,239704109827677
-0,682367184956869
0,816995697021484
-0,120312417348226
-0,560693842569987
0,64274466196696
-0,189799931844076
-0,517138341267904
0,627561467488607
-0,153146508534749
-0,431734263102214
0,514761072794596
0,041760155359904
-0,268834711710612
0,261168320973714
0,168437105814616
-0,121300913492839
0,0273264900843302
0,18932045618693
-0,0704114214579264
-0,0959587812423706
1
0
0
0
0
0
0
0
0
0
