-0,0323824040095011
-0,17994213104248
-0,0159196861584981
-0,0251244783401489
-0,193395048777262
-0,0275996780395508
-0,0403003303209941
-0,175270341237386
-0,0829468313852946
-0,0629111131032308
-0,182409998575846
-0,168576571146647
0,0556071742375692
-0,14487232208252
-0,294033590952555
0,281101996103923
-0,0239713923136393
-0,432443199157715
0,325094006856283
-0,0151587812105815
-0,471465886433919
0,0695096349716186
-0,071023546854655
-0,334008668263753
-0,0352467489242554
-0,0642311533292135
-0,076209602355957
-0,0352467489242554
-0,529684770107269
2,14786253611247
0,643066024780273
-0,670668538411458
3,68798533121745
0,905647659301758
-0,0788275146484375
3,1074457804362
0,805977986653646
1,46265482584635
2,03722783406576
0,976428400675456
1,13344067891439
-0,238700815836589
-0,443669764200846
1,05668431599935
-3,70339345296224
-1,90845835367839
-0,172781372070312
-2,43161265055339
-1,93342564900716
-0,207787729899089
-1,54203262329102
-1,51699264526367
-0,25309268951416
-1,06084075927734
-1,26571060180664
0,711316563288371
0,699767557779948
-1,09393641153971
1,14333356221517
1,39436055501302
-2,91592417399089
-1,4563916015625
-0,4247802734375
-4,71401438395182
-0,975387064615885
1,37089729309082
-2,50162806193034
-1,89381317138672
0,805411313374837
-1,03794934590658
-1,3156317392985
0,193058420817057
-0,268963375091553
-0,971287002563477
-0,00617583274841309
0,153842159907023
-0,755706151326497
-0,032030189037323
0,283691266377767
-0,651074994405111
0,000447849780321121
0,278309726715088
-0,593643048604329
0,0112375245491664
0,129639250437419
-0,439108912150065
0,033635458946228
0,0329918130238851
-0,317815831502279
-0,0148716235160828
0,0425943040847778
-0,235374609629313
-0,106972672144572
0,140468543370565
-0,16371550877889
-0,13327699025472
0,174092496236165
-0,209968242645264
-0,116672252019246
1
-1
-1
-1
-1
-1
-1
-1
-1
-1