0,216164213816325
-0,0790092213948568
-0,178798548380534
0,199311084747314
-0,0224559700489044
-0,196800549825033
0,173050594329834
-0,00845373471577962
-0,175987339019775
0,181989326477051
0,0414832731088003
-0,181656767527262
0,281280008951823
0,22124693552653
-0,251321334838867
0,461551450093587
0,421291516621908
-0,360913467407227
0,55991268157959
0,520675951639811
-0,425065650939941
0,543900400797526
0,475095685323079
-0,403247528076172
0,685082066853841
0,591994832356771
-0,459691009521484
0,323844985961914
0,754540710449219
-0,806216239929199
-0,404847462972005
0,906007563273112
-0,745184529622396
-0,420365447998047
0,885431569417318
-0,264331194559733
0,10324410756429
-0,758411458333333
2,07124366124471
0,550747133890788
-2,25220367431641
3,67262491861979
-0,378581886291504
0,202350158691406
3,91907073974609
0,0455779012044271
0,202350158691406
3,93025736490885
0,525094884236654
0,0520749632517497
1,79506856282552
0,550705477396647
0,225921726226807
0,84125607808431
0,404201939900716
0,96865717569987
-3,94163909912109
-0,961339060465495
1,90095301310221
-2,9464262898763
-1,07884381612142
1,49885772705078
-1,51744771321615
-0,964156290690104
-0,0241427866617838
-2,42391479492187
-2,09976684570312
0,541949602762858
-1,26624516805013
-1,67644653320312
0,669271418253581
-1,10268862406413
-1,3082612101237
0,300816383361816
-0,907201690673828
-1,01530225118001
0,270881080627441
-0,518637975056966
-0,674713185628255
-0,136776123046875
-0,0966674908002218
-0,924724502563476
-0,510126063028971
0,0910006546974182
-1,21715545654297
-0,810727233886719
0,337244860331217
-0,941138076782227
-0,775378087361654
0,264321282704671
-0,416566295623779
-0,484768536885579
0,00456772168477376
-0,27005677541097
-0,289183565775553
-0,00449388821919759
-0,374926999409993
-0,225697333017985
0,111612707773844
1
-1
-1
-1
-1
-1
-1
-1
-1
-1