0,0773946762084961
-0,068577790260315
-0,959946721394857
0,106456769307454
-0,00812157154083252
-0,860980758666992
0,13548698425293
8,5936784744262E-05
-0,7832484181722
0,16782418568929
0,0829032762845357
-0,802869822184245
0,132831370035807
0,26732879002889
-0,792209014892578
0,0038884445031484
0,489576644897461
-0,735905736287435
-0,0471676158905029
0,589483757019043
-0,738312657674154
-0,0884317207336426
0,522404009501139
-0,71869639078776
-0,00322114785512289
0,365586484273275
-0,477987537384033
1,41776922861735
-1,22239485104879
2,47675228754679
1,54007904052734
-2,16591384887695
4,9698036702474
1,44498382568359
-2,99596944173177
4,74538879394531
1,12005530039469
-2,10084838867187
3,01478688557943
0,623381958007812
-0,700777397155762
1,87677241007487
1,63375823974609
2,04180974324544
-2,48874471028646
-0,441928304036458
2,84805786132812
-4,10569366455078
-1,56323394775391
2,76290130615234
-3,37376892089844
-1,95733093261719
2,45125295003255
-3,00821797688802
-2,14449432373047
2,21951924641927
-1,84278142293294
-0,725938962300619
1,38285580952962
0,16244473139445
-0,37594165802002
0,625668665568034
0,366879272460937
0,244465929667155
-0,0877944946289063
2,03417409261068
-2,07474746704102
-2,45802780151367
1,35893976847331
-3,29321797688802
-1,40664286295573
1,9562526957194
-2,23729695638021
-1,51862192789714
1,65982915242513
-1,77442260742187
-1,24195849100749
1,37089238484701
-1,20316983540853
-0,927981287638346
0,949800745646159
-0,794370803833008
-0,77570317586263
0,65660285949707
-0,461544418334961
-0,537066154479981
0,459482231140137
-0,167225850423177
-0,402433433532715
0,370301895141602
-0,237389628092448
-0,440454813639323
0,348108596801758
-0,33963160832723
-0,364120292663574
0,310292231241862
-0,310285568237305
-0,384164810180664
0,195286362965902
1
-1
-1
-1
-1
-1
-1
-1
-1
-1