0,186503683725993
0,238556416829427
-0,210362033843994
0,215858675638835
0,302857424418132
-0,225441786448161
0,243809655507406
0,359343109130859
-0,23862579981486
0,145781955718994
0,355291938781738
-0,272066974639893
0,0611648416519165
0,337545153299967
-0,244007047017415
0,0397707144419352
0,33037436803182
-0,240938301086426
0,0743814277648926
0,198380276362101
-0,140092188517253
0,151102603276571
-0,0292353105545044
0,18983925819397
0,221474838256836
-0,285973930358887
0,675629514058431
0,924206631978353
-1,11454235076904
2,37981432596842
1,25890314737956
-1,73090571085612
3,91918823242188
1,33082138061523
-0,326058514912923
2,89167734781901
0,915842946370443
1,50769744873047
0,785619405110677
1,11443890889486
1,84085077921549
0,547969983418783
1,10663360595703
1,67977630615234
0,273539326985677
0,454117024739583
1,46248769124349
-1,93725330988566
0,0289963817596436
1,32601671854655
-3,10776702880859
-0,517746734619141
0,879052708943685
-3,39352060953776
-1,76828186035156
1,00414810180664
-3,51451456705729
-1,53122360229492
0,992091751098633
-1,51344385782878
-1,3648371887207
0,895949935913086
-1,1985843149821
-1,04874755859375
0,497164611816406
-0,815770492553711
-0,892444432576497
0,341998952229818
-0,0607316939036051
-0,708426106770833
0,35203919728597
0,304851805369059
-0,931276702880859
-0,914057337443034
0,674283955891927
-3,60863271077474
-2,22810679117839
1,29286849975586
-3,29794240315755
-1,4795746866862
1,65997042338053
-1,91220509847005
-1,17181477864583
1,04519721984863
-1,07643333435059
-0,719401461283366
0,623894844055176
-0,376524238586426
-0,344174257914225
0,315610574086507
-0,138222999572754
-0,189138793945312
0,139399738311768
-0,235433216094971
-0,229884866078695
0,18582618077596
-0,277711696624756
-0,213920205434163
0,15080854733785
1
0
0
0
0
0
0
0
0
0
