0,218071823120117
0,0963693300882975
-0,116352351506551
0,265515607198079
0,135718530019124
-0,121949062347412
0,333861090342204
0,178726619084676
-0,156112022399902
0,343528531392415
0,26551586151123
-0,23966594060262
0,313790728251139
0,362142105102539
-0,246602071126302
0,369491170247396
0,407579498291016
-0,242886161804199
0,335524749755859
0,271372502644857
-0,255254637400309
0,241790040334066
0,0348402404785156
-0,133815584182739
0,217289733886719
-0,0289665063222249
0,121680523554484
0,43498051961263
-0,0353427028656006
2,21327517191569
0,53801259358724
-0,326002597808838
3,33838653564453
0,983696746826172
-1,09384684244792
2,91811218261719
0,472577145894369
-1,49793599446615
2,30590535481771
0,743403523763021
-1,19911173502604
1,87728861490885
0,984194259643555
0,656352678934733
-1,90391937255859
-0,849756927490234
2,64506118774414
-3,74842956542969
-1,35882095336914
1,09926605224609
-3,33726206461589
-2,23356501261393
2,50240590413411
-3,65637888590495
-1,74490666707357
1,09552388509115
-1,90525868733724
-1,6135986328125
0,966329167683919
-1,34367769877116
-1,31471700032552
0,56660457611084
-0,822175852457682
0,21281992594401
-0,362518666585286
1,62893910725911
0,39858896891276
-0,925257771809896
3,45613728841146
-0,0027773666381836
-1,46360407511393
3,5844276936849
-0,838023427327474
-1,23375686645508
1,31979110717773
-1,09646550496419
-2,10531102498372
-0,358840459187826
-2,80449686686198
-2,42642893473307
1,02869598388672
-1,99575958251953
-0,609343096415202
0,438035392761231
-1,35023798624674
-0,438007774353027
0,244611759185791
-0,835718892415365
-0,256249961853027
0,0651434286435445
-0,653479143778483
-0,203397890726725
-0,0177998558680216
-0,571083806355794
-0,153141345977783
-0,0227169966697693
-0,435664698282878
-0,0949501021703084
-0,0299944440523783
1
-1
-1
-1
-1
-1
-1
-1
-1
-1