0,0442966953913371
0,454305864969889
-0,302281538645426
0,0808368794123332
0,493167737325033
-0,296771068572998
0,0814183282852173
0,516380157470703
-0,344714330037435
0,0819856293996175
0,491034469604492
-0,376328404744466
0,209370657602946
0,454852447509766
-0,411801579793294
0,19766973177592
0,321899604797363
-0,509232571919759
0,109348729451497
0,177693557739258
-0,362813129425049
0,112815672556559
0,104757032394409
-0,149049940109253
0,170182317097982
-0,0978760433197022
0,340282414754232
1,26903072357178
-0,274292036692301
2,39292035420736
1,54466199239095
-1,96177429199219
3,61645334879557
0,987087580362956
-1,19898012797038
2,04214655558268
1,04059463500977
-0,0798491414388021
1,63294631958008
1,1943541208903
0,375008748372396
1,27641863505046
2,24247365315755
0,866382268269857
-3,5229731241862
-1,00941825866699
0,310965779622396
-3,3804985555013
-1,71503184000651
-0,140963134765625
-2,89868194580078
-2,08241302490234
0,421020647684733
-2,66189809163411
-2,15736211140951
0,551459897359212
-2,01896128336589
-1,89489542643229
0,283826459248861
-1,40347216288249
-1,44002588907878
-0,440273793538411
0,16610959370931
-0,960175628662109
-1,18872736612956
2,56872655232747
-0,619225845336914
-1,00199910481771
2,23924189249674
-0,776725082397461
-1,17780990600586
1,90317998250326
-0,866206487019857
-1,29980784098307
1,69143920898437
-0,735230204264323
-1,18247845967611
1,26247937520345
-0,561873245239258
-0,898606160481771
0,873600336710612
-0,412719141642253
-0,670330149332682
0,621153399149577
-0,377558161417643
-0,541114006042481
0,455576871236165
-0,376073265075684
-0,465482737223307
0,370397631327311
-0,30694273630778
-0,317987740834554
0,280551961263021
-0,239452298482259
-0,255797233581543
0,179651962916056
-0,184588222503662
-0,15669784228007
0,105908985137939
1
0
0
0
0
0
0
0
0
0
