0,107142575581869
-0,153670806884766
-0,132007671991984
0,0489692250887553
-0,146649160385132
-0,111092726389567
-0,00381414492925008
-0,0949010880788167
-0,132829132080078
-0,0387878052393595
-0,0274935166041056
-0,147608067194621
-0,0900163125991821
0,00164908568064372
-0,22948148727417
-0,167547311782837
0,0372781562805176
-0,342857144673665
-0,230772196451823
0,0380182123184204
-0,313755518595378
-0,2879523340861
0,242949889500936
-0,102331104278564
-0,231404151916504
0,390257568359375
0,201170209248861
1,45850073814392
0,434470977783203
1,92048656463623
0,684691162109375
-0,959640401204427
3,67616638183594
-1,49020904541016
-2,04486704508464
3,39328653971354
0,0778924179077148
0,238982442220052
1,89529673258464
-0,28760924021403
-0,239209925333659
1,45105684916178
-0,293836116790771
0,307852783203125
-0,232544339497884
-1,75207550048828
1,78779032389323
-3,56722381591797
-2,76466776529948
0,0916945393880208
-3,38613128662109
-2,10313842773438
0,533282877604167
-2,66748901367187
-1,68261515299479
0,752549235026042
-1,62631510416667
-1,39593287150065
0,801744969685872
-1,05257410685221
-1,03484532674154
0,815337931315104
-0,532555688222249
-0,968786341349284
-1,49905278523763
1,56826034545898
-2,29169408162435
-0,177889868418376
0,264584929148356
-1,69469324747721
-0,334589831034342
0,339915288289388
-1,0734827931722
-0,42258238474528
0,200542882283529
-0,868984578450521
-0,442510999043783
0,0755613867441813
-0,797573725382487
-0,639673487345378
0,201098435719808
-0,740926818847656
-0,682455139160156
0,247620919545492
-0,471603991190592
-0,566225547790527
0,131966768900553
-0,246923675537109
-0,430532188415527
-0,000481437842051188
-0,175474866231283
-0,358798599243164
-0,0439816109339396
-0,160226141611735
-0,353783086140951
-0,0240229519208272
-0,159257462819417
-0,35201722462972
0,0274695579210917
1
0
0
0
0
0
0
0
0
0
