0,288487046559652
0,173867581685384
0,0713679424921672
0,294354826609294
0,16434362411499
0,0491166043281555
0,211904137929281
0,189294420878092
0,00150871157646179
0,14121561050415
0,287271251678467
-0,0464247353871663
0,0668497204780579
0,518373667399089
-0,222746334075928
-0,0593348900477091
0,765582122802734
-0,398338762919108
-0,206099351247152
0,924677734375
-0,390402081807454
-0,192165218989054
1,00364067077637
-0,299576676686605
-0,120743630727132
0,891060918172201
0,155165691375732
1,24544801076253
0,875254135131836
1,87369316101074
3,42035400390625
-0,110596923828125
3,95817616780599
0,754143282572428
-0,969262466430664
2,80746027628581
0,123112535476685
-0,280040690104167
0,912061208089193
0,828155619303385
-0,282104644775391
-0,33167973836263
0,209375305175781
-1,57137791951497
-1,12710286458333
0,281011098225911
-0,889238815307617
-4,45226979573568
0,271292724609375
-0,665995788574219
-3,72389302571615
-2,59370890299479
0,415343729654948
-0,96997080485026
-1,86474456787109
0,877934417724609
-0,766225128173828
-1,44976069132487
0,712840003967285
-0,584496370951335
0,163613408406576
-1,27349039713542
1,51812338511149
0,603578542073568
-2,09591888427734
2,29940765380859
0,0239637438456218
-1,85976369222005
1,84132527669271
-0,355551694234212
-1,62473999023438
1,68447743733724
-0,255306612650553
-1,53157689412435
1,39261377970378
-0,114997475941976
-1,08534492492676
0,754111671447754
-0,127828124364217
-0,921932067871094
0,492545305887858
-0,268163464864095
-0,853677825927734
0,414091377258301
-0,287457205454508
-0,725108591715495
0,364780298868815
-0,157956155141195
-0,555224151611328
0,304656931559245
-0,0466612863540649
-0,399087346394857
0,194843432108561
-0,0242327483495077
-0,367992897033691
0,185972805023193
-0,00447797815004985
-0,364841918945312
0,204216086069743
1
0
0
0
0
0
0
0
0
0
