-0,00324560602506002
-0,31416197458903
0,0462261438369751
-0,0286062872409821
-0,446789894104004
0,0746524016062419
-0,0346691060066223
-0,534422340393066
0,0925531800587972
0,0322820671399434
-0,865966593424479
0,0636620696385701
0,0368946250279744
-1,03142690022786
0,0439601405461629
-0,0141943740844727
-0,865905405680338
0,0424573214848836
-0,0274886417388916
-0,687133725484212
-0,0158836611111959
-0,0416810512542725
-0,547818349202474
-0,013736043771108
-0,0540668296813965
-0,608423220316569
0,0425577735900879
-0,180890909830729
-0,580518900553385
-1,51091426849365
-0,549790255228678
-0,611407254536947
-1,94064290364583
-0,26622142791748
-0,296729469299316
-1,69125178019206
0,318583539326986
2,31177703857422
-0,386077289581299
0,618360977172852
1,96191146850586
-0,248689594268799
1,17291379292806
1,54384999593099
0,503744672139486
0,793286692301432
2,05508321126302
0,593052622477213
-0,292965698242187
-1,31623204549154
1,30172159830729
-0,265050888061523
-0,501674067179362
1,60433128356934
-0,336855036417643
-0,591628545125325
1,08928517659505
-0,25703618367513
-0,881355921427409
1,00744992574056
-0,17592674891154
-0,988377990722656
0,731248499552409
1,00996543884277
1,0737245686849
-1,80840657552083
1,00703384399414
1,09128725687663
-1,27842564900716
0,890236384073893
1,04868746439616
-0,601698277791341
0,477763671875
1,13226936340332
0,361669540405273
-0,0529821300506592
0,635448773701986
1,41497436523438
-0,168041906356812
0,211947587331136
1,14559649149577
-0,394571914672852
-0,110984592437744
0,887837117513021
-0,472887433369954
-0,31186757405599
0,393021354675293
-0,702315381368001
-0,659114990234375
0,116227366129557
-0,884707489013672
-0,927951914469401
0,144418897628784
-0,9414759572347
-1,11017214457194
0,299013036092122
-0,944711125691732
-1,15009330749512
0,368753789265951
0
0
0
1
0
0
0
0
0
0
