0,0444845628738403
0,131637760798136
-0,0674036296208699
0,0347597606976827
0,0842518472671509
-0,0681325260798136
0,00824701964855194
0,0435239664713542
-0,0582368628184001
-0,00719854752222697
0,00622348745663961
-0,0529965130488078
-0,00769832650820414
0,0254175742467244
-0,0611851867039998
-0,0167275236050288
-0,00541919589042664
-0,0729102532068888
-0,0381819574038188
-0,0716941134134928
-0,102020947138468
-0,0242665592829386
-0,206761817932129
-0,25451597849528
0,0304073667526245
-0,166968288421631
-0,584891980489095
0,486951502164205
0,255035057067871
-1,89432332356771
0,753857243855794
2,14566299438477
-2,22631586710612
0,739014714558919
1,7939924621582
-1,72436386108398
1,01998830159505
3,54192504882813
-0,848315785725911
1,35254170735677
2,56455312093099
-1,61927607218424
1,35637415568034
0,998317209879557
-1,08313326517741
0,978995030721029
0,0191214497884114
0,526550903320313
-0,0349299621582031
-5,85595916748047
2,73792734781901
-0,0258497111002605
2,39316212972005
0,113362706502279
1,84607549031576
2,57830993652344
1,1822646077474
0,135520890553792
0,42689634958903
1,60073822021484
-1,13734994490941
-1,99294617335002
0,745244878133138
-0,25480458577474
-1,32275833129883
-2,81960611979167
-3,02181020100912
-2,33919809977214
1,86688934326172
-2,53133656819661
-3,3378119913737
1,04996271769206
-1,6263053894043
-2,27216893513997
0,334986584981283
-1,05046323140462
-1,70285176595052
0,270438760121663
-0,433284543355306
-1,11789438883464
0,178774849573771
-0,0342162926991781
-0,747408752441406
0,0188926911354065
0,135990082422892
-0,508121617635091
-0,0562998517354329
0,161039113998413
-0,334776719411214
-0,0247530277570089
0,0882869370778402
-0,193138472239176
0,0412235840161641
-0,013912992477417
-0,113316968282064
0,117397623062134
-0,0290206400553385
-0,113824068705241
0,184532864888509
0
0
0
1
0
0
0
0
0
0
