0,154938678741455
-0,0674834664662679
-0,105431531270345
0,0798740895589193
-0,227921288808187
-0,0785747909545899
0,0871362145741781
-0,241028467814128
-0,0829172992706299
0,11334376335144
-0,184145520528158
-0,138736019134521
0,130835437774658
-0,0905373001098633
-0,14429165204366
0,0159420601526896
-0,145935443242391
-0,093411496480306
-0,131445741653442
-0,176626361211141
-0,0728177181879679
-0,175597343444824
-0,12400749206543
-0,0501879191398621
-0,0612268988291423
-0,0417993307113647
-0,0425354878107707
1,94228781382243
0,135153779983521
-1,16308944066366
-0,67333127339681
1,92693888346354
-2,21304606119792
-0,691358006795248
1,39170440673828
-1,9489474995931
-0,348639621734619
1,33656341552734
-1,77431477864583
0,0487502749760946
1,50836634318034
-1,27703211466471
0,528849182128906
2,20787353515625
1,20122632344564
0,443936513264974
-1,19456146240234
0,686754455566406
0,294510014851888
-1,6479475402832
0,920584004720052
0,191165885925293
-2,975390625
2,26503936767578
-0,226540419260661
-1,12776036580404
1,00525497436523
0,86055074373881
2,39136349995931
0,0585201263427735
1,46304631551107
1,86415328979492
0,623238817850749
-0,315927670796712
-1,98490447998047
1,3613324991862
-0,440520858764648
-1,97220977783203
0,955577061971029
-2,14486024220784
-1,91386647542318
0,727579396565755
-3,62607350667318
-2,21549845377604
1,058115234375
-0,657218920389811
-1,37146224975586
-0,37182300567627
-0,183038342793783
-0,930460942586263
-0,540071029663086
-0,328416989644369
-0,864934056599935
-0,33930767695109
-0,518660367329915
-0,893628641764323
-0,223793214162191
-0,507955004374186
-0,839415918986003
-0,207467466990153
-0,240281553268433
-0,650165710449219
-0,223370259602865
0,0743355782826742
-0,339073314666748
-0,289684607187907
0,129614407221476
-0,159262129465739
-0,263736661275228
-1
-1
-1
1
-1
-1
-1
-1
-1
-1