-0,000178720752398173
-0,045963610013326
0,0232662979761759
-0,0199019535382589
-0,073900629679362
0,0383004188537598
-0,0246359173456828
-0,0583813842137655
0,0168196626504262
-0,0304271976153056
-0,0318717161814372
-0,0218809680143992
-0,0139511048793793
0,0183588528633118
-0,0459666442871094
0,0105531871318817
-0,000867665211359659
-0,0650986433029175
0,0394363927841187
-0,119072329203288
-0,119519211451213
0,0499886814753215
-0,352223536173503
-0,263651599884033
0,0920402336120605
-0,704547437032064
-0,504464124043782
0,186913922627767
-2,62482007344564
-1,45990727742513
0,444317957560221
0,0473270003000895
-2,18768620808919
0,57198740641276
0,419657796223958
-2,18885925292969
0,500634218851725
0,64863582611084
-1,96128351847331
0,489773216247559
1,45423090616862
-0,785462137858073
0,776349868774414
2,74994415283203
0,563505096435547
1,23984588623047
1,82190307617188
-0,41559539159139
1,46680740356445
2,12176981608073
-2,02536188761393
1,2171115620931
0,713048299153646
-0,531019287109375
1,57800771077474
-4,54600708007813
2,01945302327474
-1,31113573710124
-0,477729187011719
1,45131011962891
0,878028259277344
2,586953125
2,22607681274414
-0,0364457225799561
2,36495666503906
2,0661843363444
-0,0615927791595459
1,11119468688965
1,39945994059245
-0,410850512186686
0,659135284423828
1,35838882446289
-0,441637306213379
0,733557281494141
1,28409538269043
-1,40535067240397
0,605103658040365
1,19149124145508
-4,39476857503255
-1,64304489135742
1,20094533284505
-1,98011444091797
-1,88889068603516
0,499447733561198
1,22458363850911
0,0805859120686849
-0,740312894185384
2,28875422159831
0,84232666015625
-1,89154581705729
1,9472910563151
0,595261103312175
-1,76672999064128
1,38541361490885
0,297182846069336
-1,40856508890788
0,853284047444661
0,0524414984385173
-0,934180755615234
-1
-1
-1
1
-1
-1
-1
-1
-1
-1