0,289653752644857
0,343072624206543
-0,156789655685425
0,358763631184896
0,377862815856934
-0,182893199920654
0,460664838155111
0,438814875284831
-0,205803387959798
0,463012860616048
0,452633692423503
-0,195091934204102
0,437327601114909
0,451872736612956
-0,178876806894938
0,450173161824544
0,461310539245605
-0,166058476765951
0,458389778137207
0,471505317687988
-0,152886368433634
0,520849672953288
0,552333666483561
-0,162808157602946
0,692274017333984
0,426806602478027
-0,296085268656413
0,46776865641276
-0,325441246032715
-1,95266909281413
0,525747528076172
-0,0211901346842448
-2,81496154785156
0,773999938964844
0,627660878499349
-2,9430946858724
1,65060340881348
2,68117156982422
-3,24814178466797
1,47382377624512
2,63192586263021
-1,37608795166016
0,501608975728353
2,24068491617839
0,250474758148193
0,708430391947428
2,1763096110026
0,237070798873901
0,341235860188802
1,74578066507975
-1,84538514773051
-2,13138732910156
0,890998713175456
-1,96630966186523
0,0332865905761719
-0,0833029429117839
1,21484191894531
-0,333766822814941
0,192657330830892
2,5287309773763
-0,0396656799316406
1,66619510014852
1,66629063924154
1,35112182617187
3,12972910563151
-0,0938569641113282
0,936858240763346
0,986419957478841
-0,41197816212972
0,43125862121582
-0,295374883015951
0,423212038675944
0,114495258331299
-2,1130556233724
1,45237772623698
0,0900652058919271
-1,55550130208333
1,14763313293457
-3,24139989217122
-0,774219741821289
1,85102879842122
-3,40668874104818
-1,94090972900391
1,96909372965495
-1,2864187113444
-1,32690696716309
0,748418197631836
-0,748569831848145
-0,879843648274739
0,384651616414388
-0,318647816975911
-0,529190165201823
0,00721309343973796
-0,135532595316569
-0,285526688893636
-0,178670686086019
-0,0651615921656291
-0,206479721069336
-0,0883053652445475
-1
-1
-1
1
-1
-1
-1
-1
-1
-1