0,439185129801432
0,630740636189779
-0,616034075419108
0,452161242167155
0,727043431599935
-0,593551114400228
0,465850652058919
0,727804438273112
-0,517683334350586
0,437049001057943
0,68872444152832
-0,453584264119466
0,363918952941895
0,554879035949707
-0,376866671244303
0,261502119700114
0,424668909708659
-0,33435546875
0,0276040045420329
0,0892907015482585
-0,397041969299316
-0,0149351445833842
-0,255155413945516
-0,587937761942546
0,0237402160962423
-0,576376813252767
-1,00203720092773
0,395026309490204
-0,135397783915202
-2,11935218811035
0,74585324605306
1,69562149047852
-2,37038558959961
0,806597162882487
1,56882807413737
-1,85134826660156
0,726226857503255
1,43067291259766
-1,09398559570313
0,689136734008789
1,1992881266276
-0,4261931737264
0,73426025390625
0,768971659342448
-0,259607092539469
0,664582036336263
-0,661508916219076
0,272961406707764
1,82473490397135
-2,8891074625651
1,48359690348307
0,00647587140401204
1,04990361531576
0,817069244384766
0,386279527346293
2,18612113952637
1,70765141805013
0,379082616170247
0,734772046407064
2,54306035359701
0,278906949361165
-0,318121744791667
2,27653864542643
0,0272616171836853
-0,523300069173177
1,94426595052083
-1,19071220318476
-0,0477202860514323
-0,413817189534505
-3,55331624348958
-2,11915196736654
1,63943491617839
-3,66054280598958
-3,07853068033854
0,364805609385173
-1,34141240437826
-1,83987370808919
-0,181009985605876
1,31426798502604
0,511378682454427
-0,602968082427979
2,36345174153646
1,71551223754883
-1,07358795166016
1,75595006306966
1,26707651774089
-0,820639216105143
0,916233266194662
0,611513964335124
-0,45642946879069
0,491625111897787
0,350787251790365
-0,281773738861084
0,429715538024902
0,366356608072917
-0,207066815694173
0,366974080403646
0,295690129597982
-0,157244628270467
-1
-1
-1
1
-1
-1
-1
-1
-1
-1