-0,0273055799802144
0,314407056172689
-0,0919203472137451
-0,00455506960550944
0,41525136311849
-0,0570358864466349
0,0394166151682536
0,466680399576823
-0,0940300432840983
-0,0487887175877889
0,533699595133464
-0,132997490564982
-0,117379268010457
0,498615493774414
-0,148788080215454
-0,213260116577148
0,330332622528076
-0,210149008433024
-0,243165156046549
0,252330360412598
-0,314696756998698
0,0309622065226237
0,381750106811523
-0,42523016611735
0,384673296610514
0,484732983907064
-0,166999638875326
0,409928983052572
2,14890177408854
0,482725559870402
1,0629839070638
1,25720311482747
0,52649466196696
0,96987907409668
0,760267944335938
0,363358599344889
0,785964584350586
0,307867193222046
0,437821782430013
0,919514643351237
-2,00482538859049
-0,0451206970214844
0,86048583984375
-1,69924896240234
-0,0572929700215658
1,08167938232422
1,43509414672852
0,773917083740234
0,992239278157552
1,65111638387044
0,661537272135417
0,761742401123047
1,13549115498861
0,761710586547852
0,0870394007364909
-1,55912541707357
1,34945343017578
-1,78673060099284
-1,9679182434082
0,14067164738973
-1,86432169596354
-2,04982767740885
0,219588966369629
-3,16216166178385
-2,23832722981771
0,384689331054688
-2,41082590738932
-1,64243565877279
-0,361873931884766
-2,03145696004232
-1,44495834350586
-0,261533972422282
-1,44539413452148
-1,04946197509766
-0,156438604990641
-0,764684804280599
-0,645766932169596
-0,160289793014526
-0,483303146362305
-0,443733469645182
-0,105382205645243
-0,393119875590007
-0,307687536875407
-0,0419911193847656
-0,276323337554932
-0,209606081644694
-0,069466609954834
-0,2565713818868
-0,137766358057658
-0,0637655353546143
-0,363916873931885
-0,164841003417969
-0,0803834835688273
-0,445319035847982
-0,182914536794027
-0,0443590958913167
-0,330705903371175
-0,121952848434448
-0,0439071925481161
0
0
0
1
0
0
0
0
0
0
