-0,0215079923470815
-0,0431583213806152
-0,471087926228841
-0,0165351331233978
-0,41313107808431
-0,792551193237305
0,0720877861976624
-0,521656939188639
-1,14842018127441
0,105867411295573
-0,482437953948975
-1,29147664388021
0,448224302927653
-0,112878742218018
-1,11812133789062
0,759801635742188
-0,0740817403793335
-0,606976699829102
0,739961853027344
0,0775898424784342
-0,0553218364715576
0,649848759969076
0,224120534261068
-0,103559315999349
0,563131510416667
0,00570479075113932
-0,429975725809733
0,538046112060547
-1,80581637064616
0,698988037109375
1,11096834818522
-1,64691833496094
-0,038400764465332
1,20320309956868
-0,761767985026042
-0,0179817072550456
0,950489654541016
0,62626091003418
1,64730936686198
0,199703470865885
1,05295279184977
2,71918248494466
-0,529139149983724
0,501206665039063
2,15525894165039
-0,531738471984863
0,0838813336690267
1,73427892049154
-0,659894167582194
-0,308015111287435
0,985777893066406
-1,47394330342611
-1,10525299072266
0,64585875193278
-3,31837615966797
-2,54737767537435
0,331558062235514
-2,31834014892578
-2,03838450113932
-0,020024037361145
-1,52402119954427
-1,51454416910807
-0,106853354771932
-0,555697466532389
-0,83982915242513
-0,320385665893555
-0,285513547261556
-0,559864095052083
-0,451233762105306
-0,457337989807129
-0,712384656270345
-0,204865055084229
-0,56302614847819
-0,77179323832194
-0,0767886432011922
-0,402627258300781
-0,577893002827962
-0,103902826309204
-0,278835570017497
-0,397142753601074
-0,152471828460693
-0,267267309824626
-0,378740641276042
-0,157030916213989
-0,186444390614827
-0,328058465321859
-0,130591096878052
-0,0751948308944702
-0,214737739562988
-0,169523188273112
-0,0322881619135539
-0,157005837758382
-0,184818655649821
-0,0974348386128743
-0,184997088114421
-0,155613323847453
-0,1151851050059
-0,190542627970378
-0,1222798315684
-1
-1
-1
1
-1
-1
-1
-1
-1
-1