-0,0499917380015055
-0,0464111359914144
-0,11499520778656
0,0269617923100789
0,238984616597494
-0,220940380096436
-0,0379471707344055
0,393263130187988
-0,145478388468424
-0,030424427986145
0,570077362060547
-0,134717359542847
0,128530076344808
0,820217437744141
-0,215465691884359
0,305509064992269
0,96780522664388
-0,293161576588949
0,588434715270996
1,22349617004395
-0,375006217956543
0,412589874267578
1,18574518839518
-0,669327799479167
0,0990855121612549
0,761156768798828
-1,00971435546875
-0,56938117980957
0,972215703328451
-1,7899701944987
-0,750839869181315
1,14878079732259
-1,89968119303385
-0,106671435038249
0,92329335530599
-1,58710484822591
0,239184862772624
1,00053431193034
-1,08058153788249
0,445839296976725
1,19580856323242
-0,793168462117513
0,657942492167155
1,23360493977865
-0,858890482584635
0,689808781941732
0,975532633463542
-0,934217020670573
0,7725257619222
0,897476221720378
-1,02396067301432
0,686767730712891
-0,432789758046468
-0,0951417287190755
1,16116137186686
-1,24817362467448
0,91408566792806
2,18825897216797
1,06539268493652
0,857927754720052
0,434695485432943
0,462298227945964
2,63967814127604
0,334905726114909
-0,204681746164958
1,9726545715332
0,345603930155436
-0,867726090749105
1,10965554873149
0,313562355041504
-1,9462028503418
0,82888214747111
-1,3199306233724
-1,67123031616211
1,55621526082357
-3,06253672281901
-3,10780949910482
-0,182867279052734
-4,46680053710937
-4,18451822916667
0,759963544209798
-1,41990300496419
-2,06179041544596
-0,515400810241699
-0,341543102264404
-1,07607828776042
-0,839781087239583
0,0101165469487508
-0,685239804585775
-0,843080978393555
0,00944562594095866
-0,526291275024414
-0,630415178934733
-0,111731433868408
-0,494413414001465
-0,361103064219157
-0,184142042795817
-0,455708223978678
-0,180587666829427
0
0
0
1
0
0
0
0
0
0
