0,0914632606506348
0,288124745686849
-0,110284961064657
-0,00642661730448405
0,149453350702922
-0,0445548168818156
-0,102032505671183
0,0158219106992086
0,0406211384137471
-0,112649513880412
-0,00510797023773193
0,0474169739087423
-0,118020846048991
-0,00647555470466614
0,0491703375180562
-0,167532405853271
-0,0424896907806397
0,102980391184489
-0,213206850687663
0,00802368640899658
0,167179101308187
-0,171652565002441
0,108998854955037
0,171554495493571
-0,0703307549158732
0,265046424865723
0,156963024139404
0,704593942960103
1,82787928263346
-0,185665295918783
0,520880177815755
2,0156499226888
-1,1836173248291
-0,0842160924275716
1,41748245239258
-1,34553927103678
-0,239017912546794
0,894050496419271
-1,09349746704102
0,292252680460612
0,794990793863932
-2,29274045308431
0,658158925374349
2,64464991251628
-1,39359092712402
0,948418299357096
0,959016469319661
-0,0214581298828125
1,00467198689779
0,932906087239583
0,305631745656331
0,86676259358724
0,635983861287435
0,359246660868327
0,817238744099935
0,0750738779703776
0,189025758107503
0,660041020711263
-0,181272926330566
0,242056471506755
0,329796511332194
-0,35511599222819
0,242404632568359
0,633469924926758
-0,19393684387207
0,474102478027344
0,495517209370931
-0,148829609553019
0,799022394816081
0,588920834859212
-0,0300625467300415
0,848765284220378
0,438078753153483
-0,113143870035807
0,646796582539876
0,377268206278483
-0,232424074808757
0,538945973714193
0,10639791170756
-0,391125615437826
0,669300003051758
-0,0289985704421997
-0,394533081054687
0,466247634887695
-1,05958548227946
-1,09574989318848
0,86680051167806
-2,84674982706706
-3,18436686197917
0,964208119710286
0,739191354115804
-0,569942118326823
-0,228513679504395
2,71599807739258
1,95759053548177
-1,43547205607096
2,0698058573405
1,83168869018555
-1,58358576456706
0
0
0
1
0
0
0
0
0
0
