0,383860155741374
0,445686772664388
-0,275109570821126
0,392042961120605
0,458078549702962
-0,258042583465576
0,401618156433105
0,465232988993327
-0,228179702758789
0,329050827026367
0,42786548614502
-0,179290701548258
0,250079224904378
0,411835975646973
-0,141570269266764
0,278980293273926
0,567289479573568
-0,167886784871419
0,294964605967204
0,735598602294922
-0,272876345316569
0,0414041964213053
0,717939224243164
-0,411104787190755
-0,115421552658081
0,491088994344075
-0,623643747965495
-0,106322708129883
-0,197003046671549
-2,31558743794759
-0,180969937642415
-1,25682711283366
-3,00731089274089
-0,301030623118083
-0,740778376261393
-2,36930455525716
0,375189774831136
0,68176903406779
-1,46809339523315
1,11833368937174
2,26878122965495
-0,0257446734110514
1,01125027974447
2,0189638264974
0,140209006071091
0,876905085245768
1,56042180379232
0,201676826477051
0,842093709309896
1,006638768514
-0,279817714691162
0,676231358846029
0,723278020222982
-0,426756401062012
0,653619155883789
0,00635320663452148
-0,0959672991434733
0,805569458007813
0,434130160013835
0,862015358606974
0,715085144042969
1,57110504150391
1,92624893188477
0,737001342773437
1,60164983113607
1,73273930867513
0,552795728047689
1,3181787109375
1,54674331665039
0,268673718770345
1,20352297465007
1,21168296813965
0,0793460528055827
1,08350372314453
1,02388687133789
-0,142591104507446
0,802029444376628
0,892367070515951
-1,03523191452026
-0,646755084991455
0,837028503417969
-3,45524831136068
-3,20486287434896
0,903186162312826
-1,61074325561523
-2,28642562866211
0,101394759813944
0,393403739929199
-0,506607818603516
-0,509785938262939
2,23944213867187
1,39838068644206
-1,18339762369792
1,92444864908854
1,18496775309245
-1,03940078735352
1,42379557291667
0,817938791910807
-0,778273162841797
0
0
0
1
0
0
0
0
0
0
