-0,355278956095378
0,599090779622396
0,114075606664022
-0,433205362955729
0,551437708536784
0,124001557032267
-0,410260073343913
0,584006538391113
0,148713162740072
-0,331427071889242
0,720179290771484
0,140554533004761
-0,268683166503906
0,79348264058431
0,116247793833415
-0,354057858784993
0,859314371744792
0,00390588919321696
-0,418618532816569
0,991614507039388
-0,270411577224731
-0,355226440429687
1,05458096822103
-0,569072354634603
-0,149000708262126
0,958801930745443
-0,761858164469401
1,29882961591085
-0,903783950805664
-1,91965131123861
1,86524566650391
-1,46164861043294
-2,12448394775391
1,76351582845052
-0,856157633463542
-1,54706197102865
1,59278106689453
-0,426272150675456
-1,05909545898438
1,36690879821777
-0,44646858215332
-0,300933113098145
0,984490814208984
-1,86314829508464
0,302789042790731
1,27739702860514
-2,45937632242839
0,292493362426758
0,990621490478516
-2,33866093953451
0,374485689798991
3,46359781901042
-1,79926816304525
0,577062212626139
1,01699429829915
-0,488497517903646
1,44007792154948
0,947396926879883
2,51052337646484
1,87677205403646
0,41841428120931
0,876659545898438
2,87736231486003
-0,402540410359701
-1,96507537841797
2,06297332763672
-0,478300221761068
-2,0670339457194
1,5887331644694
-0,635466054280599
-1,59720998128255
1,41001007080078
-0,674494374593099
-1,12861236572266
0,78164794921875
-3,22536865234375
-1,57053428649902
0,851457824707031
-3,04729960123698
-1,790439453125
0,826805623372396
-1,78858317057292
-1,08397038777669
0,0896764341990153
-0,822609329223633
-0,54677672068278
-0,346513392130534
-0,486199429829915
-0,247846895853678
-0,624035898844401
-0,580370241800944
-0,302069098154704
-0,530730590820312
-0,712740122477214
-0,40730339050293
-0,325374876658122
-0,680513559977214
-0,490337727864583
-0,191223487854004
0
0
0
1
0
0
0
0
0
0
