-0,0529418595631917
0,0579244120915731
-0,281348724365234
-0,224794267018636
0,337843570709228
-0,320919259389242
-0,213772837320964
0,462355244954427
-0,338503309885661
-0,266602846781413
0,548979148864746
-0,195388056437174
-0,359971593221029
0,447887446085612
-0,062242374420166
-0,479441986083984
0,332583440144857
-0,0748007297515869
-0,544193649291992
0,410123850504557
-0,0278360637029012
-0,355807361602783
0,566728210449219
0,0362035155296326
-0,0978639634450277
0,785315093994141
-0,0661851501464844
1,38359078407288
2,25211087544759
-0,479902674357096
-0,0304235331217448
1,4111366780599
-0,997241948445638
-1,26179410298665
0,644128748575846
-1,08472979227702
0,171218770345052
-0,0940264002482097
-1,16905420939128
2,37686116536458
-0,838752899169922
-1,55906127929687
2,36337432861328
-0,12852668762207
0,376352132161458
1,13693105061849
0,804570693969727
1,83051483154297
0,948514836629232
0,589121386210124
1,87826955159505
0,787041447957357
0,176757815678914
1,40119537353516
0,799196548461914
-0,00583585262298584
0,795719706217448
0,667927373250325
-0,438704344431559
0,62155527750651
2,85658849080404
-1,92878702799479
0,573975296020508
2,20316487630208
0,0876127115885417
1,09115076065063
1,32602656046549
1,12231600443522
0,244101848602295
1,66104832967122
0,646106694539388
1,75311575571696
1,27750228881836
-0,0567464383443197
2,27589279174805
0,632237459818522
-0,195511074066162
1,91993535359701
0,218533172607422
-0,201258722941081
1,40239573160807
-0,0084026575088501
-0,346487350463867
1,21165161132813
-3,78313323974609
-2,85788747151693
1,03490025838216
-4,623818359375
-3,36367858886719
1,60494402567546
-2,70724446614583
-1,91957534790039
0,322214317321777
-1,72169082641602
-1,37046895345052
0,0773957618077596
-0,923811162312826
-0,897459767659505
-0,0826616191864014
-1
-1
-1
1
-1
-1
-1
-1
-1
-1