0,391872571309408
0,617491887410482
-0,338128757476807
0,35806209564209
0,618564643859863
-0,404886016845703
0,389057388305664
0,677066688537598
-0,376380755106608
0,500603459676107
0,799156621297201
-0,348049278259277
0,602747001647949
0,92487787882487
-0,338461074829102
0,724022394816081
1,16328765869141
-0,343904113769531
0,881473592122396
1,30214813232422
-0,409535878499349
0,344921544392904
0,830338096618652
-0,649442609151204
0,0302100245157878
0,236815636952718
-0,589248860677083
0,411766840616862
-0,0745067183176676
-1,91384558359782
1,69167694091797
1,05939460754395
-1,98804102579753
2,57958424886068
0,515290959676107
-0,795637639363607
2,4242062886556
1,03879689534505
-0,211452525456746
2,16980346679687
0,883861134847005
0,25948966662089
1,64334025065104
0,466162249247233
0,672282587687175
0,997418619791667
-0,236612586975098
0,297680333455404
0,111708447138468
-0,959393997192383
-0,976929575602214
0,0628007729848226
-0,915450210571289
-0,677462437947591
1,05089463233948
-0,924990870157878
-0,0770801544189453
2,52967366536458
1,31681632995605
0,615758005777995
2,25566416422526
1,33970647176107
0,690051574707031
2,00789296468099
-0,147711175282796
2,08730265299479
0,870785268147786
-0,753678970336914
2,11710032145182
-0,722874806722005
-2,45102055867513
1,92767196655273
-0,858531646728516
-2,17926366170247
1,47736974080404
-0,861295979817708
-1,75962677001953
1,12372416178385
-0,699595286051432
-1,34792999267578
0,765803833007813
-3,34689097086589
-2,34137624104818
1,46861895243327
-3,02066874186198
-2,50209533691406
1,71969441731771
1,48401072184245
0,0879081217447917
0,272506637573242
3,21197448730469
1,87750381469727
-1,8813520304362
1,99692133585612
1,55941289265951
-1,92875137329102
1,16539141337077
0,953265864054362
-1,28648419698079
0
0
0
1
0
0
0
0
0
0
