0,00506745586792628
0,135871553421021
-0,113293075561523
0,0316898107528686
0,11592932065328
-0,130366315841675
0,0328405539194743
0,0799445597330729
-0,119095420837402
0,00595019618670146
-0,0473097944259644
-0,0729093090693156
0,00451757490634918
-0,321260706583659
-0,0202990102767944
0,128489527702332
-0,201469249725342
-0,344818585713704
0,188735707600911
0,215634263356527
-0,654108505249023
0,124708741505941
0,384927476247152
-0,626613947550456
0,3297265625
0,605180727640788
-0,490064023335775
1,04967118581136
1,43215024312337
0,232821439107259
1,41159174601237
1,76248153686523
0,760294672648112
0,0565403747558594
2,00718989054362
2,1830126953125
-0,218236513137817
-0,112461948394775
1,4764860534668
0,0655372587839762
-0,20056248664856
1,29839665730794
-2,12819229125977
-1,2046076965332
0,809907608032227
2,06557408650716
0,175879809061686
-0,774040374755859
1,78898951212565
0,340368054707845
-0,807956161499024
1,35277440388997
0,156564648946126
0,310908654530843
-1,18271120707194
-0,366950174967448
1,86865127563477
-1,03046979268392
-0,334268913269043
1,78316833496094
-0,967823842366537
-0,279576663970947
1,38600468953451
-0,979194030761719
-0,48012503306071
1,10314280192057
-3,58878763834635
-2,62722025553385
0,914103012084961
-3,75600657145182
-4,12398376464844
-0,111700057983398
-1,24398452758789
-2,04250915527344
-0,848277537027995
-0,55490961710612
-1,37752998352051
-0,85441396077474
-0,16032932917277
-0,958992080688477
-0,787852172851563
0,0319674229621887
-0,735232289632161
-0,655239410400391
0,109538008371989
-0,489124120076497
-0,559380785624186
0,148119347890218
-0,26327584584554
-0,464376729329427
0,127253170013428
-0,147098086675008
-0,383513348897298
0,174689337412516
-0,0465907533963521
-0,330403709411621
0,158465194702148
-0,0481899110476176
-0,265916792551676
-1
-1
-1
1
-1
-1
-1
-1
-1
-1