-0,255471102396647
0,594488080342611
0,00486370871464411
-0,223983256022135
0,61500062306722
-0,0124339397748311
-0,185797157287598
0,505676002502441
-0,119077472686768
-0,194194679260254
0,120152797698975
-0,280239969889323
-0,163464628855387
-0,292211303710938
-0,44660410563151
-0,0367202949523926
-0,196966129938761
-0,615627517700195
1,20864331563314
2,14798365275065
-0,994563217163086
1,17827229817708
1,85771662394206
-0,509506638844808
0,936304219563802
1,69262278238932
0,0160717582702637
0,775105158487956
-0,769048868815104
1,28343620300293
-0,289708569844564
-2,23812952677409
1,03317866007487
-0,190544338226318
-2,03988087972005
0,916593475341797
-0,0695000902811686
-1,78910669962565
0,750616658528646
1,98698135375977
-1,48812459309896
-0,0243361600240072
1,68251525878906
-0,718628718058268
-0,0132698265711467
1,42696512858073
1,93049591064453
2,19571924845378
1,10246088663737
1,24965037027995
2,10259536743164
-0,312919311523437
-2,61478424072266
1,65006159464518
-0,341857554117839
-2,17740097045898
1,10975392659505
0,0125178909301757
0,311972719828288
-1,04016929626465
-2,50469879150391
0,380028940836589
-0,273388036092122
-3,23668141682943
-2,7666655476888
-0,615282897949219
-2,07095713297526
-0,846429278055827
-1,2911265818278
-1,07066594441732
-0,450017471313477
-1,02241589864095
-0,322490253448486
-0,0458928378423055
-0,92718386332194
-0,265784498850505
-0,0394664780298869
-0,751195475260417
-0,536492614746094
-0,325960248311361
-0,54582815806071
-0,551341985066732
-0,384519742329915
-0,458169314066569
-0,315045801798503
-0,238935305277507
-0,450405235290527
-0,152520888646444
-0,0718740463256836
-0,441550674438477
-0,134300657908122
-0,0334582336743673
-0,361076672871908
-0,174504013061523
-0,0775857162475586
-0,23384531656901
-0,182939338684082
-0,158121026357015
-0,13654115041097
-1
-1
-1
1
-1
-1
-1
-1
-1
-1