0,376928075154622
0,358709869384766
-0,109260365168254
0,415203488667806
0,360773887634277
-0,10595108350118
0,453455645243327
0,390638160705566
-0,112564252217611
0,430591684977214
0,38950491587321
-0,133445641199748
0,260674889882406
0,289984461466471
-0,0686519304911296
0,158571376800537
0,240549023946126
-0,0162566351890564
0,0552568674087524
0,217904268900553
-0,0139854160944621
-0,132891707420349
0,00383179028828939
-0,113235883712769
-0,287909113566081
-0,338671696980794
-0,272846463521322
-0,265290247599284
-0,60477294921875
-0,730408617655436
0,0107510185241699
1,29149580637614
-1,61390897115072
1,94423975626628
2,75954778035482
-1,52284121195475
1,38118899027507
4,00793731689453
-0,333163414001465
0,817312393188477
3,97716634114583
0,216577803293864
0,900042495727539
1,20457270304362
1,23326212565104
0,746915969848633
0,608752848307292
1,17097994486491
0,692223383585612
0,181529375712077
1,11319615681966
0,277097651163737
-2,04338892618815
1,1416823832194
0,726681925455729
0,131832707722982
1,12108843485514
1,28479550679525
2,13945729573568
0,73576670328776
1,15224174499512
1,26014038085937
0,833235244750977
-0,593736445109049
-2,66055135091146
1,64251230875651
-0,797705281575521
-3,77246805826823
1,47994857788086
0,516447219848633
-1,57014419555664
-0,0162882328033447
-2,40058457692464
-1,41459671020508
-0,230729160308838
-4,00963053385417
-1,8022255452474
-0,359257577260335
-1,78335840861003
-0,265633900960286
-0,470667737325033
-0,896963628133138
0,0591939353942871
-0,438139470418294
-0,271814581553141
0,386991958618164
-0,469684906005859
-0,173967971801758
0,442936045328776
-0,437002029418945
-0,199824415842692
0,365080871582031
-0,325407791137695
-0,0963543876012166
0,349551162719727
-0,267245400746663
0,0243741114934286
0,401586430867513
-0,231345431009928
0
0
0
1
0
0
0
0
0
0
