-0,00249497314294179
-0,102322212855021
-0,187243493398031
0,0344905380407969
-0,253976014455159
-0,18741751352946
0,111789642969767
-0,432600809733073
-0,305315297444661
0,157025330861409
-0,632580172220866
-0,441928380330404
0,161149326960246
-0,902972208658854
-0,42287109375
0,138066765467326
-1,25658030192057
-0,260496794382731
0,109641510645549
-1,44850153605143
-0,202128041585286
0,0790517902374268
-1,4711669921875
-0,216742890675863
0,0586491823196411
-1,23132336934408
-0,326413269042969
0,256505613327026
-0,588984985351563
-1,43712362925212
0,593551355997721
0,184623228708903
-1,69010320027669
0,751769765218099
0,191885089874268
-1,26207565307617
0,883044942220052
0,286409848531087
-1,21746709187826
2,14784461975098
-1,86231163660685
1,8094472249349
0,60564453125
-3,12741607666016
1,84403630574544
0,234062461853027
-2,07876571655273
0,452897033691406
0,121653165817261
-1,43593597412109
0,229204044342041
0,493221467336019
-1,3080007425944
0,504646759033203
0,533033498128255
-1,02801411946615
0,643512725830078
0,514905586242676
1,51777386983236
0,258787981669108
1,19537729899089
0,328738606770833
0,94652535756429
-1,0949745686849
-0,523675257364909
2,11334615071615
-0,57876215616862
-2,01375057220459
1,81141810099284
-1,96015411376953
-1,66636494954427
1,04936050415039
-1,43906392415365
-1,2803857421875
-0,121837615966797
-3,32969421386719
-0,494788258870443
-0,521768010457357
-1,49513519287109
-1,25935564676921
0,124251737594604
-0,992008514404297
-0,738651161193848
-0,277536087036133
-0,572525456746419
-0,421364199320475
-0,33554651260376
-0,295475851694743
-0,213248195648193
-0,246728000640869
-0,163401578267415
-0,188358637491862
-0,0825722122192383
-0,225733661651611
-0,227568295796712
0,00715373675028483
-0,220771999359131
-0,223129266103109
-0,0104082934061686
0
0
0
1
0
0
0
0
0
0
