0,435291086832682
0,572896881103516
-0,0682646687825521
0,400808270772298
-1,92619715372721
-1,77779693603516
0,160087350209554
-1,73884485880534
-1,32775606791178
0,0964008108774821
-1,56943496704102
-1,22983342488607
0,293941758473714
-1,34387481689453
-1,43185623168945
0,487690010070801
-0,767460378011068
-1,40809168497721
0,58756228129069
-0,163468928337097
-0,864433135986328
0,579749603271484
-0,0615775926907857
-0,219272756576538
0,60474801381429
-0,304627386728922
0,0457143259048462
0,671783269246419
-1,72495438893636
0,321657218933105
0,643263626098633
-2,60098129272461
1,1206241607666
0,613060938517253
-0,969366226196289
0,728048375447591
0,976052118937174
0,556044006347656
0,254013973871867
1,19529530843099
1,12398315429688
0,278769226074219
0,822736129760742
0,954290491739909
0,678097941080729
0,397371520996094
0,56287052154541
0,668133532206218
0,210945339202881
0,103179486592611
0,333748308817546
-1,72569381078084
-1,10371056874593
0,852364234924316
-2,8982058207194
-1,86142664591471
0,666541328430176
-1,93985153198242
-1,55931335449219
-0,176475016276042
-1,08025988260905
-0,936040064493815
-0,321950213114421
-0,540654220581055
-0,484740905761719
-0,322996196746826
-0,501181004842122
-0,356833012898763
-0,248764006296794
-0,509841575622559
-0,280396283467611
-0,137593644460042
-0,255018316904704
-0,198473472595215
-0,141201597849528
-0,20552635828654
-0,155861689249674
-0,145011796951294
-0,330545806884766
-0,194737275441488
-0,0869800599416097
-0,328664658864339
-0,228743057250977
-0,0326517919699351
-0,277212365468343
-0,209542388916016
-0,000600655476252238
-0,247346655527751
-0,142888266245524
0,0781719144185384
-0,26164119720459
-0,0702304331461589
0,247775459289551
-0,378454748789469
-0,067629779179891
0,645754979451497
-0,813566258748372
-0,112621142069499
1,07141807556152
-1
-1
-1
1
-1
-1
-1
-1
-1
-1