-0,181179663340251
-0,396878496805827
-0,481244875590007
-0,150703932444255
-0,377663726806641
-0,386158142089844
-0,122026494344076
-0,309611047108968
-0,327035954793294
-0,0308458534876506
-0,175554587046305
-0,315659414927165
0,0104154427846273
-0,266921844482422
-0,205053965250651
0,0663968229293823
-0,261280186971029
-0,335591500600179
0,230491422017415
-0,108188120524089
-0,599047648111979
0,486521174112956
-0,00846835454305013
-0,793623657226563
0,86774663289388
0,187818673451742
-0,83285166422526
1,21711791992187
0,772461624145508
-0,730113360087077
1,28430130004883
1,70178466796875
0,715678672790527
-0,0734703826904297
2,40469126383464
0,676266784667969
-0,128871870040894
1,23165852864583
0,976060206095378
0,531534233093262
-0,44245475769043
1,17006973266602
0,746387354532878
-1,83144739786784
0,884396413167318
0,41998654683431
-1,69112060546875
0,801074701944987
0,604126014709473
-1,4453736114502
0,499754867553711
0,72197255452474
-1,07301811218262
0,28715695699056
0,672274678548177
-0,812227884928385
0,40781504313151
0,694361928304036
-0,59612538655599
1,08723630269368
0,199828535715739
-0,992808939615885
2,22817571004232
-0,196816806793213
-1,00366292317708
2,14358612060547
0,0238184038798014
-1,07509582519531
1,04278666178385
6,22272491455078E-05
-1,10512641906738
0,489753201802572
-0,130424235661825
-1,03231559753418
0,304209760030111
-2,23931152661641
-1,24342569986979
0,636535034179687
-4,26777435302734
-3,8101020304362
1,37520434061686
-1,66975568135579
-2,18314651489258
-0,481197395324707
-0,796233876546224
-1,1490071105957
-0,677421340942383
-0,276344493230184
-0,566633860270182
-0,63672679901123
-0,0220974175135295
-0,265153357187907
-0,625294062296549
0,0819943205515544
-0,167294750213623
-0,50902946472168
0,136069695154826
-0,142813870112101
-0,434977086385091
0
0
0
1
0
0
0
0
0
0
