0,374045950571696
0,317633043924967
-0,00908244450887044
0,428665440877279
0,400070139567057
-0,19920423189799
0,271622301737467
0,0887715498606364
-0,437655283610026
0,280654805501302
-0,0229220573107402
-0,650285936991374
0,236318613688151
-0,0117706751823425
-0,822553888956706
0,391872825622559
0,74011092821757
-1,0673210144043
0,698059539794922
1,88625010172526
-1,01331428527832
0,906695048014323
1,63176569620768
-0,619904607137044
0,893825378417969
1,34546463012695
-0,237822971343994
0,816952489217122
1,89051869710286
0,998791379928589
0,666517283121745
1,65648763020833
1,54282847086589
0,538087120056152
0,951592203776042
1,47327519734701
0,286622835795085
0,576877835591634
1,30496449788411
0,331893914540609
0,135991026560465
1,23285743713379
0,513366419474284
-0,023663330078125
-1,18265691121419
0,554108505249023
0,0271296787261963
-1,18589922587077
0,961147829691569
0,729750429789225
-0,0999075317382812
0,156539306640625
0,368919334411621
2,8172792561849
-1,3868967183431
-2,02369003295898
1,65640736897786
-1,10042620340983
-1,59940923055013
1,27977650960286
-1,0479722849528
-1,50459070841471
1,11117622375488
-1,42889841715495
-0,978567733764649
0,567185211181641
-4,39147033691406
-3,1209120686849
1,94881841023763
-1,59794520060221
-2,68625915527344
-0,187835222880046
-0,365970191955566
-1,49663724263509
-0,57445556640625
0,0147458585103353
-1,09129959106445
-0,674764760335286
0,137106075286865
-0,901390126546224
-0,707911020914714
0,00234485149383545
-0,851693267822266
-0,554606196085612
-0,203428236643473
-0,902591044108073
-0,368574574788411
-0,163888200124105
-0,741028213500977
-0,287081909179688
-0,0511685140927633
-0,502948913574219
-0,249080429077148
-0,0540082001686096
-0,414578450520833
-0,187212340037028
-0,10716968536377
-0,453495038350423
-0,128000920613607
0
0
0
1
0
0
0
0
0
0
