-0,146170994440715
0,0601432863871257
0,392368761698405
-0,179984963734945
0,0699305248260498
0,352880579630534
-0,124604428609212
0,113267663319906
0,263329957326253
-0,0323028786977132
0,166171712875366
0,177338364919027
0,164180990854899
0,360301138559977
0,0738438367843628
0,213288300832113
0,393749338785807
-0,205925350189209
0,000675761699676515
0,245133088429769
-0,340811634063721
-0,0519479179382324
0,0896049308776855
-0,426178944905599
0,0366095034281413
0,31830441792806
-0,805289459228516
1,35378227233887
1,09308614095052
-0,98475830078125
1,87981262207031
1,32655024210612
-0,45921822865804
1,46773203531901
1,30911936442057
0,186327419281006
1,30797409057617
0,960374577840169
0,251477069854736
1,14624448140462
0,399489065806071
0,0467882251739502
0,0901345825195313
-1,60465413411458
2,03533874511719
0,828556620279948
-2,17669179280599
1,30045979817708
0,673699493408203
1,96063491821289
-0,0378289922078451
0,851748504638672
1,2325336710612
0,798812268575033
0,864300053914388
0,679207611083984
1,31600143432617
-0,284640668233236
-2,55852030436198
2,45747100830078
-1,16909408569336
-2,47575358072917
0,140509312947591
-1,78425379435221
-2,28531534830729
-1,70823720296224
-3,63283060709635
-2,7038633219401
2,67555653889974
-2,34421478271484
-2,21867746988932
0,564436225891113
-1,05600313822428
-1,46790959676107
-0,0558966700236003
-0,622759145100911
-1,0760492960612
-0,127294300397237
-0,647306429545085
-0,798380559285482
0,00419047276178996
-0,548342107137044
-0,649364598592122
0,00401888410250346
-0,397284507751465
-0,458216781616211
-0,0747829405466715
-0,272505385080973
-0,237604834238688
-0,100600932439168
-0,204190451304118
-0,159531011581421
-0,122776133219401
-0,247212295532227
-0,148517354329427
-0,105305245717367
-0,226994088490804
-0,132953227361043
-0,117397416432699
-1
-1
-1
1
-1
-1
-1
-1
-1
-1