-0,259321295420329
0,206703421274821
0,0918800020217895
-0,240149046579997
0,302740516662598
-0,0681515598297119
-0,184701353708903
0,307319272359212
-0,278396250406901
-0,14888331413269
0,125520416895548
-0,34381399790446
0,0749986584981283
0,0655849242210388
-0,539713554382324
0,432138646443685
-0,0890610750516256
-0,68751698811849
0,67098264058431
-0,090954221089681
-0,425059814453125
0,730344670613607
0,392208099365234
-0,119664433797201
0,618217697143555
0,428838310241699
0,348774185180664
0,589177271525065
-1,8486302057902
1,50765141805013
0,76411013285319
-0,718098449707031
0,593159993489583
0,491736221313477
-0,819564310709635
0,54870974222819
0,607519734700521
-0,888221969604492
0,454937210083008
0,665237884521484
-0,928903579711914
0,524366785685221
0,758335418701172
-0,462144514719645
0,689816741943359
0,642512130737305
-0,285163249969482
1,24541877746582
-0,352929102579753
-0,582306353251139
2,01738993326823
-0,337758916219076
-0,512301012674967
1,5760063680013
-0,402157274881999
-0,444209378560384
1,25314448038737
-1,11438078562419
-0,00246124267578126
-0,119702962239583
-3,46523661295573
-2,53686248779297
1,74036699930827
-1,71717946370443
-1,3422487894694
-0,354304949442546
-0,591061261494954
-0,386520277659098
-0,528812700907389
-0,188521982828776
-0,169100557963053
-0,481861127217611
-0,162286383310954
-0,144728720982869
-0,480548667907715
-0,244520613352458
-0,17976411819458
-0,409292208353678
-0,256736640930176
-0,152013743718465
-0,379528490702311
-0,18207940419515
-0,0855751005808512
-0,409869817097982
-0,0606950545310974
-0,0782074801127116
-0,418276494344076
-0,000945863823095957
-0,106019096374512
-0,335235869089762
-0,0158015865087509
-0,0868173376719157
-0,248707574208577
-0,0162813472747803
-0,0397344223658244
-0,152513650258382
-0,00459910154342651
-0,0316985607147217
-0,119733282725016
-1
-1
-1
1
-1
-1
-1
-1
-1
-1