0,348628260294596
0,230310897827148
-0,333497409820557
0,356919250488281
0,26115571975708
-0,262788352966309
0,289554653167725
0,253221473693848
-0,19260061899821
0,222863051096598
0,212721411387126
-0,132105433146159
0,197501939137777
0,196135889689128
-0,0621690241495768
0,196434408823649
0,248057034810384
-0,0366202727953593
0,197472483317057
0,404899826049805
-0,0553065458933512
0,0683127117156982
0,4417462793986
-0,0622965510686239
-0,0318996834754944
0,314609006245931
-0,101529370943705
0,160978710651398
-1,53873118718465
-1,25724344889323
0,78404914855957
-0,040870615641276
-2,45804499308268
1,19711311340332
0,198398507436117
-1,96201853434245
1,0149888865153
0,274182529449463
-1,28148086547852
0,681813786824544
0,398726170857747
-0,546624298095703
0,548317286173503
0,474231427510579
-0,335748189290365
0,619331219991048
0,410347048441569
-0,267592716217041
0,49106699625651
0,0861770820617676
-0,112235916455587
0,480139656066894
-0,213796068827311
0,0626089811325073
0,573153966267904
-0,042337121963501
0,159095792770386
0,633335507710775
0,329041964213053
0,306961027781169
0,499332402547201
0,304930267333984
0,569694391886393
0,280763320922852
0,0222467613220215
0,775009078979492
-0,00848895867665609
-0,293379821777344
0,800008188883464
-0,0385160382588704
-0,338329569498698
0,517203865051269
-1,01319451173147
-0,730091431935628
0,27676259358724
-2,35348175048828
-2,02750635782878
0,280565586090088
-1,28918657938639
-1,35634211222331
-0,0335232988993327
-0,678979924519857
-0,713472391764323
-0,168585764567057
-0,450943603515625
-0,463453763326009
-0,160325326919556
-0,508918940226237
-0,513765932718913
-0,151698834101359
-0,60274466196696
-0,586365063985189
-0,146307566960653
-0,452754656473796
-0,436818555196126
-0,145035457611084
-0,18111083984375
-0,154161125818888
-0,205107701619466
0
0
0
1
0
0
0
0
0
0
