-0,406352068583171
0,644516525268555
-0,271722526550293
-0,344645805358887
0,748645095825195
-0,149845720926921
-0,235147215525309
0,640530573527018
0,0358339293797811
-0,300096747080485
0,536091690063477
0,217758344014486
-0,239454215367635
0,570603167215983
0,37098201751709
-0,0181125752131144
0,718027648925781
0,31065570195516
-0,13801303545634
0,566314608256022
0,22462148030599
-0,241545187632243
0,339311256408691
0,0559269777933757
-0,190711218516032
0,149462865193685
-0,126953614552816
0,432211780548096
0,424183355967204
-1,74940809885661
2,09218897501628
1,05205334981283
-1,75780756632487
2,35675689697266
0,270392252604167
-0,0289604568481445
1,46413767496745
0,365180015563965
0,546748072306315
1,29661783854167
0,395483118693034
0,781972020467122
0,297660725911458
-1,23416413625081
1,63707059224447
-0,135838831265767
-1,80989334106445
0,770469767252604
0,076108775138855
-1,48347493489583
0,719676767985026
0,124983361562093
-1,41914464314779
0,710339787801107
0,394637120564779
-1,00782155354818
0,702811126708984
0,441637064615885
-0,441109568277995
0,700846735636393
0,643797200520833
1,20254647572835
2,92792704264323
-0,533940124511719
1,34422988891602
1,12649698893229
-0,315147374471029
0,763442077636719
1,06496083577474
-0,374936269124349
0,161664901574453
1,00117116292318
-1,82247865041097
-0,288887731234233
0,635588556925456
-4,67378682454427
-3,15917017618815
2,16589950561523
-2,93916625976563
-2,50229588826497
-0,552894643147786
-1,49664599100749
-1,43060999552409
-0,840863494873047
-0,626433881123861
-0,726602579752604
-0,751013412475586
-0,355355733235677
-0,440333251953125
-0,657610295613607
-0,432295532226563
-0,47513978322347
-0,62118106842041
-0,513905893961589
-0,451216049194336
-0,545079104105632
-0,329410705566406
-0,219383357365926
-0,481927655537923
-1
-1
-1
1
-1
-1
-1
-1
-1
-1