0,281421114603678
0,390776774088542
-0,28658831914266
0,20357639948527
0,368189112345378
-0,281288833618164
0,159958534240723
0,35067081451416
-0,265496857961019
0,166097551981608
0,322654202779134
-0,216341584523519
0,190328458150228
0,354608573913574
-0,179160747528076
0,312419840494792
0,419325866699219
-0,263571796417236
0,211895713806152
0,370074729919434
-0,379356435139974
-0,00432011604309082
0,245673389434814
-0,350802332560221
-0,0582406743367513
0,0451086076100667
-0,422746327718099
-0,0070566463470459
-0,0571134694417318
-1,97405436197917
0,615957463582357
0,817822875976562
-1,67519322713216
0,886757074991862
1,30932312011719
-0,237902221679688
1,1111109161377
2,13690526326497
-0,280617898305257
1,05444562276204
1,81981857299805
-0,0536127281188965
0,865547027587891
1,06643239339193
0,279360389709473
0,655795415242513
0,518813368479411
0,415214513142904
0,41842264175415
0,194467446009318
0,467986615498861
0,338958231608073
-0,0317304388682048
0,426365331013997
0,531913897196452
-0,0895226605733236
0,191993770599365
0,597105674743652
0,354862937927246
0,214730726877848
0,739688873291016
0,477302436828613
0,403465372721354
-0,698069979349772
-0,557090861002604
2,22081497192383
-0,576349131266276
-0,649197311401367
1,98324778238932
-0,41262633005778
-0,754127197265625
1,58868947347005
-0,431570714314779
-0,692732493082682
1,10986381530762
-1,59249867757161
-1,25793660481771
-0,938340555826823
-3,09175928751628
-1,59838862101237
2,23657206217448
-2,04810796101888
-0,7486376953125
0,386544520060221
2,74860819498698
-0,0624474589029948
-1,60789993286133
1,81502644856771
0,438124605814616
-1,95148015340169
1,38002830505371
0,345868581136068
-1,49915323893229
0,77191598256429
0,129957780838013
-1,00093236287435
0,236070267359416
-0,0296887024243673
-0,605426953633626
-1
-1
-1
1
-1
-1
-1
-1
-1
-1