0,0331850632031759
0,129725488026937
-0,160344438552856
0,107430454889933
0,312353649139404
-0,238352241516113
0,0893671576182048
0,368592096964518
-0,231660734812419
0,145536991755168
0,357509295145671
-0,170174732208252
0,199292678833008
0,20665901184082
-0,280094375610352
0,134320402145386
0,02992462793986
-0,469647547403971
0,084655491511027
-0,128283576965332
-0,64102160135905
0,21693349202474
-0,170580577850342
-0,831660410563151
0,444647649129232
0,0205971908569336
-0,629239756266276
0,75177059173584
1,06765073140462
-0,115221773783366
0,805489832560221
1,05360460917155
0,0323729117711385
0,800153579711914
0,462854595184326
0,0869839493433635
0,843372751871745
-2,64744176228841
1,02572832743327
1,12190722147624
-2,30088750203451
0,743973999023437
1,44130114237467
0,891569468180339
-0,0313351440429688
1,78636850992839
1,93461013793945
-0,340424791971842
0,587932917277018
-0,551363627115885
0,796168130238851
-0,488064241409302
-1,82503041585286
1,57875829060872
-0,717700932820638
-1,95002314249674
1,23793123881022
-2,63622611999512
-2,13409510294596
1,74663396199544
-3,59567565917969
-3,90309926350911
2,06591710408529
-0,481093660990397
-1,55267445882161
-0,346759478251139
0,666093444824219
-0,0355762640635173
-0,611767692565918
0,877227732340495
0,181832288106283
-0,582268320719401
0,632625427246094
0,151224670410156
-0,421344858805339
0,332481829325358
0,0616587909062703
-0,235738118489583
0,224478874206543
0,107990875244141
-0,153350296020508
0,191406615575155
0,167177168528239
-0,164729849497477
0,0322041654586792
0,135410210291545
-0,190388062795003
-0,129745655059814
0,140166104634603
-0,222043317159017
-0,17464687983195
0,220384839375814
-0,227947820027669
-0,0938525660832723
0,282453880310059
-0,200301494598389
-0,0018201220035553
0,289550387064616
-0,148857091267904
0
0
0
1
0
0
0
0
0
0
