-1,22199109395345
-1,76764856974284
-0,0536638347307841
-1,10697308858236
-1,60884414672852
-0,0034493358929952
-0,847277170817057
-1,18542307535807
-0,00776096343994141
-0,37184152007103
-0,394245618184408
-0,0657542546590169
-0,0351208547751109
0,370056927998861
-0,107335926691691
-0,0802693192164103
0,419329223632813
-0,135373547871908
-0,0645874134699504
0,459212913513184
-0,180569133758545
-0,0326985216140747
0,469831199645996
-0,13529065767924
-0,0172963015238444
0,55433650970459
-0,0984516747792562
0,549336608250936
1,95367184956868
-0,248904403050741
-0,0429175821940104
2,38094441731771
-1,27889272054036
-0,701089223225912
1,82420425415039
-1,25668446858724
-0,670557619730631
1,16235473632813
-1,25842900594076
-0,519018376668294
0,618874677022298
-1,3309836324056
0,12104014078776
1,12176411946615
-0,957542419433594
1,05595504760742
2,33505350748698
-0,209020210901896
0,795438944498698
1,21444366455078
0,916173162460327
0,0642920653025309
-0,465321184794108
2,26540608723958
0,124351660410563
-0,525567817687988
1,83408121744792
0,171467046737671
-0,543520431518555
1,31863731384277
0,176707452138265
-1,64223889668783
1,06067240397135
0,387737407684326
-1,92854588826497
0,588805618286133
0,653318519592285
-1,55747802734375
0,399252484639486
0,658771146138509
0,794929478963216
1,04281330108643
0,418357645670573
1,56016408284505
1,35192128499349
0,281290003458659
1,02487937927246
1,46385131835938
0,135338325500488
0,500354404449463
1,39047693888346
-0,190317625999451
-1,76666008631388
1,22281740824382
0,0254323577880859
-2,58012791951497
-0,194579467773438
0,168529179890951
-1,99848225911458
-1,09521809895833
-0,436686210632324
-1,60610875447591
-0,770586293538411
-0,576877899169922
-1,35029408772786
-0,573993708292643
-0,492355969746908
-0,80039311726888
-0,559110399881999
0
0
0
1
0
0
0
0
0
0
