-0,00765179773171743
0,173377494812012
0,000231603930393855
0,024561808904012
0,232192408243815
-0,0229424111048381
-0,0252814078330994
0,348705139160156
-0,0308191235860189
-0,105267442067464
0,497417437235514
0,00702820261319478
-0,123706010182699
0,521620445251465
0,00126702268918355
-0,182109387715658
0,455687815348307
-0,0885869677861532
-0,162192551294963
0,395392456054687
-0,325391998291016
0,0340976778666178
0,255782521565755
-0,473792762756348
0,208194297154744
0,395125401814779
-0,500551261901856
0,53441016515096
1,82962766011556
-0,276535654067993
0,738267771402995
1,715625
0,326760953267415
0,709373931884766
-0,136519571940104
0,880403238932292
0,488559176127116
-1,03744997660319
0,68716246287028
0,492796694437663
-1,007947362264
0,351326344807943
0,346308689117432
-1,02839795430501
0,519164199829102
1,03764623641968
-1,31830968221029
0,340858497619629
2,28384582519531
-1,52871490478516
-0,0286201175053914
1,3927180480957
1,13738398234049
0,579289671579997
1,06915868123372
2,03174128214518
0,838803939819336
-0,980039952596029
0,826842244466146
1,57755510965983
-1,30944859822591
-1,1568212890625
2,05534378051758
0,122138264973958
-2,71917002360026
1,25163813273112
-1,42293688456217
-2,64845555623372
0,414053249359131
0,238072697321574
-0,689126586914062
-2,20501332600911
-0,234347785313924
-0,780958531697591
-1,68909108479818
-0,535957400004069
-0,729169845581055
-1,16247515360514
-0,42510368347168
-0,683691838582357
-0,799701868693034
-0,324134349822998
-0,513092803955078
-0,522731157938639
-0,13512935479482
-0,309544455210368
-0,438447151184082
-0,0621891021728516
-0,186312739054362
-0,380530986785889
-0,149730685551961
-0,211924482981364
-0,216870206197103
-0,201971842447917
-0,270749276479085
-0,165949573516846
-0,187744534810384
-0,144482663472493
-0,177086772918701
-1
-1
-1
1
-1
-1
-1
-1
-1
-1