-0,0424588624636332
0,463835576375326
0,0639240646362305
-0,117900838851929
0,487817751566569
0,0528529079755147
-0,132162621815999
0,389548416137695
-0,0347526748975118
-0,122581513722738
0,287111396789551
-0,118311576843262
-0,0758180507024129
0,0197735810279846
-0,0967905902862549
0,270476271311442
0,0440753650665283
-0,458052393595378
0,378138186136881
0,147011957168579
-0,581486943562825
0,489675649007161
0,238472627003988
-0,440639444986979
0,544870045979818
0,443794136047363
-0,24311422030131
0,774266599019369
-1,74626478830973
1,29878890037537
-0,523326899210612
-1,22339513142904
1,90666803995768
-0,327944189707438
-0,876405588785807
1,34908564249675
-0,145907440185547
-0,868602905273438
1,04151028951009
-0,192892354329427
-1,0389352162679
0,951370595296224
0,133888136545817
-0,993508733113607
0,51518975575765
0,681817626953125
-0,791519241333008
0,227791264851888
0,864733963012695
-0,550941162109375
0,488965009053548
0,779858932495117
-1,39841837565104
0,700061645507812
0,0828141403198242
-1,1591205851237
1,11306762695313
-0,212522150675456
-0,391687291463216
1,10448506673177
-0,16703062693278
-1,42862613677979
1,26399996439616
-0,816125170389811
-2,53714726765951
1,20111348470052
-1,11512031555176
-1,70964797973633
0,557475566864014
-1,10142178853353
0,919821853637695
-1,81064224243164
-1,31227452596029
0,546310818990072
-1,14089548746745
-1,24540784200033
0,294567254384359
-0,749147135416667
-0,884222106933594
0,126407251358032
-0,563281555175781
-0,692854792277018
0,0995525773366292
-0,369010384877523
-0,482410087585449
0,0803967380523682
-0,289081211090088
-0,3898131052653
-0,00907723744710287
-0,264321715037028
-0,407658233642578
-0,181797307332357
-0,194941775004069
-0,398372027079264
-0,178727369308472
-0,124148149490356
-0,292645085652669
-0,00138770739237467
-0,136600761413574
-1
-1
-1
1
-1
-1
-1
-1
-1
-1