0,0294168120622635
0,209225508371989
-0,126193383534749
0,124480689366659
0,28352897644043
-0,215579973856608
0,185175806681315
0,290499629974365
-0,261710109710693
0,192912654876709
0,266586729685465
-0,252019653320313
0,188224366505941
0,267199115753174
-0,241681677500407
0,210186347961426
0,354397080739339
-0,278873151143392
0,19069242477417
0,518886909484863
-0,313172283172607
0,17475445429484
0,709639155069987
-0,31535982131958
0,269908625284831
0,947589874267578
-0,291589069366455
0,897145055135091
1,88437138875326
-0,554414157867432
-0,583665669759115
1,74667353312174
-1,37940511067708
-0,796057332356771
1,10692232767741
-1,13587025960286
-0,432050482432047
0,513694661458333
-1,09413592020671
0,0467231305440267
0,311149024963379
-1,11902425130208
0,276877829233805
0,511916910807292
-0,928937199910482
0,749852116902669
2,2156601969401
0,852186177571615
0,479840596516927
1,13650815327962
0,807179336547851
0,527552731831868
0,639441121419271
0,555683555603027
0,535418548583984
0,134000511169434
0,48231383005778
1,26811197916667
-0,281159744262695
1,02197539011637
0,932718633015951
1,48537306149801
1,38567438761393
0,84665283203125
1,47325706164042
1,39317754109701
0,818747762044271
-0,234035126368205
1,09630582173665
0,827186915079753
-0,702041219075521
1,02322624206543
0,341849791208903
-1,03925226847331
1,10343365987142
0,0130036989847819
-1,24692456563314
0,580613899230957
-1,87751125335693
-1,30188995361328
0,602511215209961
-2,44650329589844
-1,43855163574219
0,369631716410319
-2,07831939697266
-1,38204584757487
0,321721967061361
-1,55949483235677
-0,899872029622396
0,271833426157633
-0,964665222167969
-0,45669002532959
0,0504315376281738
-0,730965728759766
-0,296449896494548
0,131153841018677
-0,794274470011393
-0,357042687733968
0,490490519205729
0
0
0
1
0
0
0
0
0
0
