0,580824457804362
0,790707066853841
1,19330764770508
0,524014333089193
0,584561436971029
1,34583033243815
0,55023489634196
0,802462717692057
1,0298001352946
0,576787376403809
1,04671051025391
0,544925053914388
0,283558578491211
0,904244283040365
0,5135511525472
0,0262177459398905
1,02786178588867
0,312109400431315
0,158305625915527
1,13396608988444
0,0198898283640544
0,157124757766724
1,21652064005534
-0,0307036360104879
0,159056619008382
1,34553497314453
-0,036027950445811
1,438512840271
2,20669987996419
-0,366112454732259
-0,132397155761719
2,37906494140625
-1,02817245483398
-1,22601399739583
1,56416552225749
-1,2042803700765
-1,00710428873698
0,616320215861003
-1,20723808288574
-0,606495641072591
0,235922559102376
-0,996274770100911
-0,278659280141195
0,464578717549642
-0,327890294392904
0,0524656009674072
0,0651663716634114
0,445222034454346
0,0112221205234528
-0,855779571533203
0,97599967956543
0,890275141398112
0,983743387858073
-0,336752395629883
0,667961298624674
-1,72495340983073
1,68880741119385
0,384752985636393
-2,1204350789388
2,13224174499512
0,490350011189779
0,682764434814453
1,45261906941732
0,711449839274088
0,710004450480143
1,815390625
0,679624341328939
0,755938034057617
1,50971206665039
0,0588510258992513
-0,827240155537923
1,16408538818359
-0,947916437784831
-2,22467926025391
-0,508061981201172
-0,867686894734701
-1,50501617431641
-0,909586842854818
-2,34639444986979
-1,72541035970052
-0,281994323730469
-2,28913487752279
-0,754796091715495
-0,585219446818034
-1,85766179402669
-0,6588685353597
-0,517331085205078
-1,48694610595703
-0,593781814575195
-0,324583409627279
-0,800566215515137
-0,245792347590129
-0,323620306650798
-0,222725639343262
0,0630900923411051
-0,461689414978027
-0,173373794555664
0,12331561088562
-0,355651054382324
0
0
0
1
0
0
0
0
0
0
