-0,0916337442398071
0,2441934521993
0,186683298746745
-0,0513699547449748
0,29191743850708
0,17521879196167
0,0185117204984029
0,414137407938639
0,144481372833252
0,164389492670695
0,529342842102051
0,0838510926564534
0,115890755653381
0,61266471862793
-0,0429122845331828
0,0136791523297628
0,489492390950521
0,00464256763458252
-0,0468759282430013
0,382413698832194
0,0110124254226685
0,132175869941711
0,314390754699707
-0,116599893569946
0,554699745178223
0,36493153889974
-0,144004389444987
0,999481353759766
1,67640563964844
0,583259568214416
1,15961797078451
2,07627431233724
0,779558741251628
1,01353556315104
1,69839701334635
0,801029332478841
0,737890218098958
1,18802991231283
0,915632680257161
0,662949244181315
-2,69064102172852
0,8373450978597
0,156681791941325
-2,2695182800293
0,647752075195312
0,853431390126546
-2,07096954345703
0,598544807434082
2,0931608581543
-1,34313598632813
0,38326224009196
1,34293660481771
0,989883524576823
0,487796859741211
0,834064331054687
-1,29688568115234
0,857693227132161
0,529806543986003
-1,29841903686523
0,945469716389974
0,584616978963216
-2,63888153076172
0,700094807942708
-1,66118456522624
-2,635052541097
0,428432337443034
-0,796527455647786
-1,74449381510417
-1,49757899602254
-1,07962913513184
-1,93123184204102
-0,768675333658854
-3,08223236083984
-2,39149490356445
0,657895723978678
-1,69262008666992
-1,35430470784505
-0,257367121378581
-1,10777348836263
-1,14600580851237
-0,261332588195801
-0,610330390930176
-0,799002405802409
-0,229195289611816
-0,336044381459554
-0,565736694335937
-0,262653764088949
-0,353667907714844
-0,485015106201172
-0,231606006622314
-0,506955973307292
-0,587732925415039
-0,0742647337913513
-0,554482256571452
-0,543611780802409
-0,0565988802909851
-0,396304601033529
-0,322757784525553
-0,156063454945882
-1
-1
-1
1
-1
-1
-1
-1
-1
-1