-0,132739788691203
1,44513206481934
0,0815677642822266
-0,123165941238403
1,26625315348307
-0,0363578923543294
-0,20617712020874
1,20914065043131
-0,106951770782471
-0,183320827484131
0,656624526977539
-0,0974329884847005
-0,199963270823161
0,330028317769368
-0,222849947611491
0,0485718377431234
0,362491709391276
-0,435060551961263
0,374317207336426
0,221996440887451
-0,227468999226888
0,456407229105632
0,240736141204834
-0,103522853851318
0,527370020548503
0,0618911568323771
0,130840571721395
0,410903663635254
-1,64252583821615
0,157322452863057
0,357849655151367
-2,17726547241211
0,0258032449086507
0,964271481831868
-2,11126113891602
0,885750172932943
1,89998479207357
-1,42085502624512
1,23169067382813
1,5956477355957
-0,474050381978353
1,09501607259115
1,24428080240885
0,119084361394246
1,05665837605794
0,840204060872396
0,33451426188151
1,05730784098307
0,500939432779948
-3,58575236002604
0,410187759399414
-0,513799260457357
-3,6705463663737
-0,420873336791992
-2,57403849283854
-3,30975016276042
0,723312225341797
-2,55244664510091
-2,53888600667318
0,162727370262146
-1,90532811482747
-1,53959101359049
-0,246735954284668
-1,20609886169434
-0,95059092203776
-0,394548924763997
-0,800899454752604
-0,545747044881185
-0,279902350107829
-0,514721120198568
-0,34236520131429
-0,10490234375
-0,380998153686523
-0,230889275868734
0,00994785785675049
-0,373836886088053
-0,350876096089681
0,0709717830022176
-0,429585558573405
-0,374328969319661
0,113712635040283
-0,405560162862142
-0,361279487609863
0,122534980773926
-0,389246088663737
-0,309753774007161
0,119057184855143
-0,261222756703695
-0,383555552164714
0,0552396082878113
-0,223600985209147
-0,388430913289388
0,0148434249560038
-0,229798240661621
-0,306820424397786
-0,0261826856931051
-0,253754965464274
-0,461034838358561
-0,0729132207234701
0
0
0
1
0
0
0
0
0
0
