0,349108378092448
0,0860928726196289
-0,217149556477865
0,304456043243408
0,126699422200521
-0,18586784362793
0,303796005249023
0,178429403305054
-0,137565778096517
0,368794034322103
0,276311289469401
-0,13347393989563
0,274427019755046
0,0535888767242432
-0,203165454864502
0,28876646677653
-0,358618100484212
-0,380112209320068
0,312483660380046
-0,592441622416178
-0,554406394958496
0,365397542317708
-0,431969299316406
-0,734939982096354
0,556296450297038
0,0814668949445089
-0,798723805745443
0,726570421854655
1,73906829833984
0,167483444213867
0,664403432210286
2,30665639241536
0,47914187113444
0,540621426900228
1,94085545857747
0,369097531636556
0,596718012491862
1,49102803548177
0,51202709197998
0,491830774943034
0,889189224243164
0,577555046081543
0,451349042256673
0,304048932393392
0,623172416687012
0,536622695922852
0,0663601779937744
0,591419436136882
0,626217651367187
0,510517883300781
0,367082532246908
1,18928426106771
0,813457819620768
0,199178581237793
0,824500897725423
-0,217336349487305
0,74076182047526
0,300172659556071
-1,7882334391276
1,31304662068685
0,0869286489486694
-1,69108947753906
1,35135360717773
-0,0586168464024862
-1,29116856892904
-0,13320566813151
-3,09566090901693
-1,41119272867839
0,0293989054361979
-2,85289672851563
-2,85368850708008
0,992876307169596
-1,6318642171224
-1,76649795532227
0,14260892868042
-0,711470667521159
-0,922593434651693
-0,134621928532918
-0,330855534871419
-0,631685892740885
-0,163350467681885
-0,337654863993327
-0,64644401550293
-0,0490326992670695
-0,312973963419596
-0,596535441080729
0,0346347133318583
-0,149955520629883
-0,374063046773275
0,00145346879959107
-0,12651663462321
-0,319323183695475
-0,0492022768656413
-0,248083883921305
-0,458019905090332
-0,0322025060653687
-0,350363553365072
-0,521619631449382
0,002502587834994
-1
-1
-1
1
-1
-1
-1
-1
-1
-1