0,0135291043917338
0,500303179423014
-0,230751145680745
-0,0711766584714254
0,435027669270833
-0,27588560740153
-0,164627361297607
0,290805651346842
-0,258652324676514
-0,190967585245768
0,276860485076904
-0,16078685760498
-0,162827094395955
0,366559530893962
-0,174985497792562
-0,0246796989440918
0,483328437805176
-0,167731132507324
0,119093702634176
0,568343467712402
-0,126170155207316
0,20767037709554
0,73039057413737
-0,187789084116618
0,121071332295736
0,624048627217611
-0,241933911641439
-0,0234205849965413
-1,47551242192586
-0,501396567026774
-0,00996137301127116
-2,05759160359701
-0,836595865885417
0,0175369417667389
-1,40521321614583
-0,972894083658854
0,0815372836589813
3,42175587972005
-0,278847147623698
0,269426460266113
3,47186431884766
0,106695041656494
0,563205731709798
1,95212600708008
0,335786501566569
0,616576550801595
1,29303276062012
0,388636296590169
0,675704218546549
0,526841023763021
0,36282418568929
0,466847648620605
0,398789723714193
0,422459386189779
0,287550264994303
0,212493321100871
0,600411860148112
0,101439237594604
1,2615816783905
0,600384864807129
0,990717010498047
2,97914825439453
0,876221351623535
1,0636659749349
1,61973637898763
1,01733497619629
0,574763819376628
-3,34316858927409
0,108019955952962
-0,341708342234294
-4,44808349609375
0,751682968139649
-1,13849675496419
-2,64152409871419
-0,0749994405110677
-0,92660410563151
-1,50502858479818
-0,671957715352376
-2,19588353474935
-1,31795639038086
0,679807840983073
-3,25161499023437
-1,84228856404622
1,17947931925456
-1,52837071736654
-1,07569229125977
0,45791498819987
-0,85647331237793
-0,786482213338216
0,265366700490316
-0,353368797302246
-0,620638058980306
0,0541492048899333
-0,163734499613444
-0,579372800191243
-0,115042740503947
-0,347376982371012
-0,626001319885254
-0,115719216664632
0
0
0
1
0
0
0
0
0
0
