-0,348128420511881
-0,35037904103597
-0,12205969174703
-0,26516269048055
-0,261697737375895
-0,115880565643311
-0,184932963053385
-0,295159454345703
-0,109769566853841
-0,112968001365662
-0,370459111531576
-0,083427054087321
0,130897709528605
-0,151536362965902
-0,101420873006185
0,21626745223999
-0,193311386108398
-0,160902897516886
0,111750847498576
-0,352103093465169
-0,198941332499186
0,0630297025044759
-0,801689224243164
-0,303702608744303
0,0492084948221843
-0,784290822347005
-0,576404851277669
0,15798953851064
1,83005587259928
-0,625121078491211
0,280272591908773
3,02001831054688
0,23217264175415
0,427079982757568
2,19358057657878
0,713333740234375
0,502751630147298
1,59055943806966
0,678350346883138
0,548656311035156
1,01684153238932
0,659973347981771
0,572226359049479
0,614806416829427
0,424894803365072
0,286124807993571
0,371484260559082
0,522286682128906
0,171965500513713
0,274386202494303
0,488439178466797
0,180540234247843
0,581508661905924
0,336250317891439
0,240416202545166
0,9290123240153
0,230853595733643
0,313687788645426
0,90792226155599
0,296529191335042
0,308770497639974
-1,53815319061279
1,04741352081299
-0,177184543609619
-2,43840291341146
0,865457356770833
-0,244790420532227
-2,27748235066732
0,784677861531576
-0,388142852783203
-2,13999776204427
0,390879294077555
-3,44025665283203
-0,885762379964193
1,02106863021851
-2,46867899576823
-1,68197926839193
1,10322179158529
-1,72239349365234
-1,25137387593587
0,639504559834798
-0,904738438924154
-0,783766555786133
0,339571107228597
-0,461983655293783
-0,492055193583171
0,200086078643799
-0,340572980244954
-0,369958839416504
0,137444852193197
-0,269182281494141
-0,278568115234375
0,134120670954386
-0,140420548121134
-0,164770940144857
0,0639470020929972
-0,101161292394002
-0,153991740544637
0,00875621994336446
-1
-1
-1
1
-1
-1
-1
-1
-1
-1