0,108618005116781
0,122363529205322
-0,222599925994873
0,165188566843669
0,213870296478271
-0,276141808827718
0,260203717549642
0,357796452840169
-0,38691655476888
0,489839553833008
0,602603009541829
-0,574093424479167
0,587208493550619
0,698810373942057
-0,75785753885905
0,243138354619344
0,482839597066244
-0,573359705607096
0,0324711958567301
0,133432553609212
-0,502295049031576
-0,0981897497177124
-0,199911378224691
-0,581861254374186
-0,106306603749593
-0,165621910095215
-0,292497393290202
-0,0835091972351074
0,693766635258993
1,90579745610555
0,410369720458984
2,71551829020182
3,28171061197917
-0,458634643554688
2,30589050292969
3,81057800292969
-0,149242846171061
2,28208648681641
2,15098276774089
0,0340144602457682
1,86046549479167
1,62794459025065
-0,052164675394694
0,986799023946126
-2,7635004679362
-0,507215372721354
-0,164254417419434
-2,40219100952148
-1,03031890869141
-1,29983189900716
-1,87055435180664
-1,40960912068685
-0,124250202178955
-1,10727849324544
-1,11376487731934
-0,0599851195017497
-0,647726440429688
-0,968878529866536
-0,0593388017018636
-0,107964833577474
-0,75181640625
-0,000679814020792646
0,189259287516276
-1,31768923441569
-0,216423940658569
0,388533134460449
-2,6869667561849
-1,55733876546224
0,904934997558594
-1,9643098449707
-1,69154841105143
0,513476435343424
-1,31868092854818
-1,13429402669271
0,16157888730367
-0,718926709493001
-0,706732432047526
-0,0294067096710205
-0,427122319539388
-0,511501808166504
0,0470022098223368
-0,333546765645345
-0,49571481068929
0,207278575897217
-0,200457464853923
-0,416892954508463
0,247586733500163
-0,0699078591664632
-0,36018559773763
0,338556276957194
-0,134562966028849
-0,252467390696208
0,293983351389567
-0,196659113566081
-0,148828722635905
0,330433076222738
0,0458633867899577
-0,0476286347707113
0,21611011505127
0
0
0
0
0
0
1
0
0
0
