0,335079078674316
0,177830759684245
-0,407981109619141
0,360484263102214
0,178364327748617
-0,432657203674316
0,540986582438151
0,239143492380778
-0,575910237630208
0,494930610656738
0,0699247105916341
-0,768349100748698
0,287568581899007
0,170684083302816
-0,683437767028809
0,216093527475993
0,449126205444336
-0,520961761474609
0,195664259592692
0,662977803548177
-0,295327548980713
0,166374346415202
0,854232482910156
0,108680187861125
0,162508379618327
0,740365244547526
0,508067474365234
0,752687759399414
0,763965199788411
2,70305150349935
0,805755818684896
0,665938669840495
3,55344858805339
0,771126089096069
0,103531201680501
2,52709243774414
-0,0165946022669474
-0,662684122721354
1,90984720865885
0,218521111806234
-0,598120625813802
1,34782450358073
0,28551965713501
-0,264541854858398
-1,71368072509766
-0,18114678700765
0,570392227172852
-2,56401763916016
-1,18191958109538
0,508675282796224
-2,07700607299805
-1,35756861368815
0,529309298197428
-1,79717956542969
-1,2994918568929
0,563960940043131
-1,34125340779622
-1,04258522033691
0,239426110585531
-0,742292683919271
-0,827357177734375
-0,142869415283203
-0,241811319986979
0,0209795506795248
-0,850481046040853
2,28662384033203
-0,549948438008626
-0,760942700703939
2,08264363606771
-0,724599405924479
-0,886581700642904
1,6062392171224
-0,818090845743815
-0,873322397867839
1,30409581502279
-0,838265584309896
-0,677871487935384
0,919247690836589
-0,656974411010742
-0,447970593770345
0,755839258829753
-0,418517672220866
-0,228862419128418
0,628772824605306
-0,249717095692953
-0,106774657567342
0,373227030436198
-0,0895639657974243
-0,0854017035166422
0,23186487197876
-0,0279053131739298
-0,156121215820312
0,221993039449056
-0,0030691921710968
-0,157370630900065
0,023868309656779
0,220779972076416
-0,0593962717056274
-0,0564242013295492
-1
-1
-1
-1
-1
-1
1
-1
-1
-1