0,140795316696167
0,0883065811793009
-0,373273506164551
0,187681878407796
0,295898831685384
-0,453078053792318
0,311681346893311
0,505490862528483
-0,570601819356283
0,537283782958984
0,637077026367188
-0,733684819539388
0,350126412709554
0,562913564046224
-0,8263134765625
0,149204654693604
0,462998491923014
-0,753149592081706
0,046186048189799
0,479886436462402
-0,629760462443034
-0,0684601672490438
0,81970698038737
-0,589466400146484
-0,0307922569910685
1,13259256998698
-0,339191627502441
0,0230697139104207
1,07206108093262
1,55171631495158
0,792393417358399
0,160243657430013
3,05977406819662
2,68101587931315
-1,31223780314128
4,4104926554362
0,270693435668945
-0,887584660847982
4,02692209879557
0,764289855957031
0,88214225769043
0,0570404402414958
1,06972323099772
1,95249114990234
-3,36248015403748
-0,01045166015625
1,78693267822266
-4,27824432373047
-1,89735931396484
1,82461616516113
-1,55660573323568
-1,66071762084961
1,20920280456543
-1,03129809061686
-1,40333964029948
1,16493761698405
-0,84432133992513
-1,04497398376465
0,82304308573405
-0,270735244750977
-0,831211878458659
0,675618743896484
0,320620485941569
-0,628767878214518
0,573395843505859
0,661065063476563
-0,923296635945638
0,0758578650156657
0,678309605916341
-1,06496861775716
-0,338189188639323
0,750144805908203
-0,928911997477214
-0,56163688659668
0,627800127665202
-0,674027010599772
-0,539945437113444
0,350064392089844
-0,411932754516602
-0,463923759460449
0,150085277557373
-0,234748757680257
-0,405981648763021
0,0572761217753092
-0,0842060057322184
-0,330842062632243
0,00868695989251137
0,0615229908625285
-0,268267911275228
0,00442216868201892
0,134849472045898
-0,284173679351807
-0,00457261184851329
0,135948003133138
-0,35136116027832
-0,0317213503519694
0,147951211929321
-0,416643524169922
-0,0527504905064901
-1
-1
-1
-1
-1
-1
1
-1
-1
-1