-0,0213102376461029
-0,377999356587728
-0,399427007039388
0,00828310906887055
-0,364553286234538
-0,490958124796549
0,00964482555786769
-0,331156438191732
-0,560889523824056
0,0163239746292432
-0,311982014973958
-0,59922784169515
0,101940406163534
-0,307580871582031
-0,662331059773763
0,184874337514242
-0,261606750488281
-0,753829345703125
0,18961576461792
-0,0437046400705973
-0,831577402750651
0,252696895599365
0,290503908793132
-0,959390106201172
0,44855042775472
0,682116724650065
-1,1774097442627
1,39656018575033
1,91194279988607
-1,78067174275716
-0,178790480295817
-0,557305615743001
-2,04063868204753
-0,332035916646322
-0,380107231140137
-1,62875742594401
-0,249534149169922
-0,263111584981283
-1,20713048299154
-0,119257672627767
0,0704206244150797
-0,970818964640299
0,540444261233012
1,43222821553548
0,68012944539388
3,13976384480794
0,84884755452474
3,04760543823242
3,29950449625651
-1,86508605957031
3,76388224283854
-1,30280237833659
-2,04524454752604
2,20995137532552
-0,524694086710612
-1,92532160441081
-0,114472198486328
-0,368960673014323
-1,42376149495443
-4,9174961344401
-1,80045862833659
0,187635498046875
-3,38336395263672
-1,69246648152669
0,308150456746419
-1,86953247070313
-1,3953909556071
0,493132006327311
-1,45163637797038
-0,997120005289713
0,566469039916992
-0,80386728922526
-0,163967132568359
0,428637924194336
1,62761337916056
-1,76751917521159
-1,25312739054362
1,48639246622721
-2,92035552978516
-1,09499801635742
0,461194407145182
-1,77289154052734
-0,788456573486328
0,809682413736979
-1,25966247558594
-0,548867797851562
0,482207196553548
-0,893088506062826
-0,306293366750081
0,169655084609985
-0,644095026652018
-0,185700772603353
0,142185208002726
-0,430289217631022
-0,0569177357355754
0,143885304133097
-0,221135419209798
0,0428496805826823
0,104411389033
0
0
0
0
0
0
1
0
0
0
