-0,0524629751841227
-0,077796991666158
-0,0316243267059326
-0,0631621599197388
-0,103315884272257
-0,0195797709623973
-0,0664338477452596
-0,115966278711955
-0,0294392935434977
-0,0808857679367065
-0,0897716172536214
-0,0805635404586792
-0,080267874399821
-0,0688216384251912
-0,167037913004557
-0,0746061340967814
-0,0995056978861491
-0,22087106068929
-0,0752101023991903
-0,182110373179118
-0,260507717132568
-0,0500607554117838
-0,184764404296875
-0,224921112060547
0,073235920270284
-0,110201630592346
0,0989795207977295
1,50855787277222
-0,0412693548202515
1,97227605183919
2,49783264160156
-0,913947830200195
2,88738708496094
1,92453420003255
-1,44615570068359
3,36641128540039
0,665324211120605
1,90997467041016
1,52389022827148
0,563324813842773
1,63205764770508
-0,165597991943359
0,140109532674154
1,49184616088867
-3,97273457845052
-0,870374603271484
0,612334187825521
-2,50695098876953
-1,42684356689453
0,472074279785156
-1,6327387491862
-1,27038462320964
0,488674494425456
-1,30830711364746
-0,931199340820313
0,530691248575846
-0,882940877278646
-0,571236381530762
0,698962275187174
-0,373705552419027
-1,03987904866536
-0,975572382609049
1,74925425211589
-3,42777359008789
-1,44777994791667
-1,24407201131185
-2,76628433227539
-1,74685450236003
0,91627680460612
-1,68855651855469
-2,03471277872721
0,691306584676107
-1,4483925374349
-1,54449798583984
0,178388929367065
-0,976301244099935
-0,965783818562826
-0,107167803446452
-0,63783883412679
-0,464123064676921
-0,345712013244629
-0,562421188354492
-0,198314663569132
-0,424914881388346
-0,518076731363932
-0,0486049334208171
-0,441546643575033
-0,290108324686686
0,12362096786499
-0,362083943684896
0,020644588470459
0,297898031870524
-0,345965830485026
0,181508121490478
0,380647900899251
-0,370159848531087
0,228790849049886
0,329741401672363
-0,256481456756592
-1
-1
-1
-1
-1
-1
1
-1
-1
-1