0,244123884836833
0,0300651248296102
-0,349193293253581
0,344263636271159
0,0781486860911051
-0,413625259399414
0,357795473734538
0,0987638982137044
-0,462732264200846
0,373949038187663
0,17408221244812
-0,472084172566732
0,506229667663574
0,302898012797038
-0,547943293253581
0,613506813049316
0,298506647745768
-0,648071772257487
0,317458209991455
0,328966375986735
-0,654185307820638
0,174504712422689
0,539753125508626
-0,637712287902832
0,217567278544108
0,819653167724609
-0,539551569620768
1,06745580037435
1,8792217763265
1,11839026133219
0,000301310221354193
0,00324432373046875
3,29861623128255
0,821775919596354
-0,574250640869141
3,58187744140625
0,340048472086589
-0,100267168680827
1,99907775878906
0,334238662719727
-0,222179870605469
1,36724784851074
-0,509254722595215
-0,0672279866536458
-2,49023406982422
-0,598175430297852
0,0387798945109049
-2,66486022949219
-1,23910708109538
-0,66868886311849
-0,985620498657227
-1,18111351013184
-0,596475626627604
-0,562424850463867
-0,89815195719401
-0,524287821451823
-0,252193559010824
-0,608839365641276
-0,273112856547038
0,231555233001709
-1,55728399912516
-0,69113889058431
-0,0876787567138672
-3,06885879516602
-1,28882792154948
-0,107624756495158
-2,02458348592122
-1,31475229899089
0,036319678624471
-1,38349810282389
-0,878995717366536
-0,328979415893555
-1,0512345123291
-0,509862467447917
-0,501233507792155
-0,980171686808268
-0,318413486480713
-0,447055308024088
-0,884514745076497
-0,251419048309326
-0,375987485249837
-0,702693099975586
-0,218500741322835
-0,362349497477214
-0,583776791890462
-0,182565371195475
-0,415517158508301
-0,474029083251953
-0,134595944086711
-0,454746831258138
-0,370010757446289
-0,0842952919006348
-0,383713544209798
-0,342468897501628
-0,122745990753174
-0,330709851582845
-0,29459711710612
-0,16362606048584
-0,325064989725749
-1
-1
-1
-1
-1
-1
1
-1
-1
-1