0,195944747924805
-0,0745845095316569
-0,513454933166504
0,179751618703206
-0,0938160705566406
-0,593200721740723
0,295310230255127
-0,0488491423924764
-0,695626881917318
0,48837407430013
0,0576823091506958
-0,878619664510091
0,72317008972168
0,15107136408488
-1,13464663187663
0,616526006062826
0,177600475947062
-1,31015040079753
0,357901166280111
0,140979375839233
-1,14613555908203
0,341178843180338
0,295467370351156
-1,00803387959798
0,317172896067301
0,748958841959635
-0,741889139811198
1,16512093861898
1,90354448954264
1,97538191477458
1,77006561279297
1,4183997853597
4,41865030924479
0,383574879964193
-1,67094988505046
5,24544413248698
-1,0925824991862
-1,40464533487956
3,05861902872721
-0,35729482014974
-0,91507319132487
0,287217458089193
1,14998494466146
1,08870058695475
-4,80950876871745
-2,02901123046875
1,01712580362956
-4,54784973144531
-0,746165924072266
0,892063802083333
-1,04278770446777
-0,776287307739258
0,891349767049154
-0,739230346679688
-0,485057856241862
0,429506912231445
0,686657587687174
-0,335992558797201
-0,34817679087321
2,84675557454427
-0,0639469210306804
0,603611297607422
1,97975774129232
-4,28793482462565
-1,77190119425456
2,31053634643555
-3,69783381144206
-1,58701380411784
1,91998952229818
-1,90589823404948
-1,13646133422852
1,05518432617187
-1,38579208374023
-0,626930910746257
0,503028717041016
-0,825942662556966
-0,253162218729655
0,189693778355916
-0,473947385152181
-0,0149612061182658
0,0468184304237366
-0,38454283396403
-0,00594077110290527
-0,000562093158562978
-0,220208174387614
-0,0607818826039632
-0,000856809318065643
1,84491374969482
-0,0757279586791992
-0,529054795304934
1,35510894775391
-0,036416482925415
-1,94934722900391
0,0129346148173014
-0,117462539672852
-1,46850850423177
-0,0669319645563761
-0,253324769337972
-0,751370608011881
0
0
0
0
0
0
1
0
0
0
