0,270849685668945
-0,205256373087565
0,119389972686768
0,335101216634115
-0,145898605982463
0,0911180337270101
0,289001585642497
-0,171027946472168
0,11591999689738
0,140430275599162
-0,266162490844727
0,140856930414836
0,0486440865198771
-0,319250793457031
0,137454875310262
0,0275650791327159
-0,294223931630452
0,0333379030227661
-0,0423875598112742
-0,229484081268311
-0,124584593772888
-0,106217590967814
-0,117802033424377
-0,292846558888753
0,0308918952941895
0,0922352377573649
-0,490300776163737
1,650078125
1,24186398824056
-1,196154200236
0,121579882303874
1,14660705566406
-1,30088498433431
-0,442119458516439
1,17492223103841
-0,916516520182292
0,124577344258626
0,503698654174805
0,617588240305583
2,16966842651367
-0,588663686116537
3,94805684407552
0,777421162923177
-2,21399861653646
5,09198933919271
0,146651159922282
-0,170220597585042
1,27186424255371
0,395921789805094
-1,12632126490275
0,888295516967773
0,876092580159505
-1,5033930460612
-2,53250551859538
-0,236489664713542
1,02768646240234
-2,55812713623047
-0,731212717692057
0,19826956431071
-0,958180389404297
-0,822431945800781
1,85634892781576
0,399069480895996
0,197636311848958
0,863741277058919
2,19481772104899
-0,612735366821289
-0,696188087463379
2,39449096679688
-2,09712346394857
-1,07934730529785
-1,14822161356608
-3,25269510904948
-1,18702039082845
0,0806584167480469
-0,332296918233236
-2,05593434651693
0,558539403279622
0,339932098388672
-1,46988978068034
0,0858596229553223
0,734215342203776
-0,83333122253418
-0,299293702443441
0,724721082051595
-0,507086855570475
-0,262735945383708
0,385287907918294
-0,516339619954427
-0,0205272054672241
0,139007364908854
-0,636746699015299
0,0714165465037028
0,122372064590454
-0,557383143107096
0,0181099065144857
0,220975952148437
-0,315677299499512
-0,102031634648641
0
0
0
0
0
0
1
0
0
0
