0,0150178941090902
-0,00559974908828735
-0,25012305577596
0,0283031400044759
0,0159621278444926
-0,36939323425293
0,0950615374247233
0,101260970433553
-0,499326616923014
0,202615063985189
0,293038845062256
-0,604164530436198
0,383559513092041
0,554181404113769
-0,707539087931315
0,550353190104167
0,668876647949219
-0,775547866821289
0,288216489156087
0,627192141215006
-0,704966557820638
0,169048105875651
0,327263266245524
-0,489312082926432
0,183074239095052
0,194855372111003
-0,273559767405192
0,318017444610596
0,34454579671224
2,11712933858236
0,318017444610596
-0,35641357421875
4,70834696451823
-0,265098355611165
-1,65591115315755
3,8862978108724
-0,750707855224609
-0,999983037312826
2,2686030069987
1,26213241577148
-0,0296955418586731
-1,51155206044515
-0,539896011352539
0,0435518455505371
-2,46016103108724
-1,11817410786947
0,526133162180583
-1,90859736124674
-0,900251871744792
0,819531453450521
-1,44667999267578
-0,369802602132161
-0,131998799641927
1,13542984008789
-0,1990283203125
-0,693969039916992
2,11722401936849
-0,355732205708822
-0,60593391418457
0,630044403076172
-3,86701751708984
-0,704962463378906
-1,01989720662435
-2,20296086629232
-1,08391042073568
-0,0537531280517578
-1,37132464090983
-0,69422799428304
-0,319069188435872
-0,826068547566732
-0,374709904988607
-0,548388532002767
-0,564940388997396
-0,205698299407959
-0,636381568908691
-0,560134112040202
-0,180706965128581
-0,566697006225586
-0,487878913879395
-0,0595547024408976
-0,432676823933919
-0,0985489241282145
0,130008371671041
-0,491838582356771
0,127874040603638
0,295609448750814
-0,614073270161947
0,0642532841364543
0,332931340535482
-0,518220545450846
-0,0116737620035807
0,31473783493042
-0,344798603057861
0,0426397967338562
0,281516729990641
-0,3085471534729
0,109999831517537
0,272057183583578
-0,333960507710775
0
0
0
0
0
0
1
0
0
0
