0,059165735244751
0,10567964553833
-0,435653877258301
0,063654522895813
0,142626212437948
-0,476416053771973
0,0882849709192912
0,145079310735067
-0,475155372619629
0,0479738076527913
0,138496516545614
-0,418610928853353
0,0214099860191345
0,1140016746521
-0,381442680358887
-0,0169926432768504
0,0932738081614177
-0,435628941853841
-0,0234257411956787
-0,0957840283711751
-0,532142054239909
0,0173664045333862
-0,216667579015096
-0,63644889831543
-0,0300028133392334
0,0962456766764323
-0,658664042154948
0,0763423347473144
0,469262294769287
1,25020624160767
0,774654909769694
0,599237823486328
2,81053965250651
1,15320149739583
0,224821166992187
3,76880310058594
4,18790466308594
-0,733402493794759
3,26100138346354
0,401948852539063
-0,721202799479167
1,51345469156901
-0,910619354248047
-0,170836588541667
1,66392278035482
-0,574350624084473
0,881678466796875
0,242508417765299
0,636139787038167
0,659505437215169
-1,52082186698914
-0,147031402587891
1,52415461222331
-3,22553802490234
-1,33487213134766
0,469305890401204
-1,50501636505127
-1,35127502441406
1,80510325113932
-3,45689239501953
-1,77314198811849
1,7202067565918
-2,11744562784831
-0,12737548828125
1,43437789916992
1,94133173624675
-0,952292938232422
-1,09712270100911
3,1178721110026
-1,80375625610352
-0,936516316731771
-0,253137613932292
-2,14570795694987
-0,808614018758138
0,631827392578125
-1,69132954915365
-0,999405314127604
0,822676111857096
-1,06793772379557
-0,845533320109049
0,522031784057617
-0,584502436319987
-0,754127324422201
0,313284702301025
-0,411448504130046
-0,654682973225912
0,223414478302002
-0,352971560160319
-0,588702621459961
0,236035703023275
-0,232496887842814
-0,475547739664714
0,182022666931152
0,00562143802642823
-0,309104715983073
0,0850518131256103
0,0996329561869303
-0,183042952219645
-0,0688168128331502
-1
-1
-1
-1
-1
-1
1
-1
-1
-1