0,155494680404663
-0,664266204833984
-0,337474276224772
0,161126397450765
-0,499328791300456
-0,361072069803874
0,332002563476562
-0,139048178990682
-0,45620714823405
0,434076029459635
0,144845212300619
-0,554717953999837
0,270177726745605
0,0119989363352458
-0,440218658447266
0,212156219482422
-0,0870593388875325
-0,254116891225179
0,12009251276652
0,0179726489384969
-0,0503630860646566
0,067176365852356
0,0729448286692301
0,266122207641602
0,0660982735951742
-0,0792884969711304
0,604261220296224
0,060259386698405
-1,04134221394857
1,84228800455729
0,112284994125366
-1,37800354003906
2,82829396565755
0,734944254557292
-1,02363563537598
3,06185312906901
0,554860674540202
0,117379207611084
1,89153676350911
0,722279459635417
0,101510276794434
1,76921198527018
0,70935910542806
0,397360394795736
1,10471499125163
-0,351440099080404
0,526629905700684
-2,94239430745443
-0,621519393920898
-0,610945587158203
-2,36241719563802
-0,629284731547038
-0,831991678873698
-1,9135031636556
-0,723883310953776
-0,750618158976237
-1,37802291870117
-0,586937599182129
-0,509308776855469
-0,596704737345378
-0,508386192321777
-0,699339879353841
-0,160581722259521
-0,480271898905436
-0,529598681131999
0,0309282143910726
-0,352369887034098
-0,0585911877950033
0,173224925994873
-0,419155750274658
0,448466758728027
0,0413135464986165
-0,878137079874674
0,292559668223063
-0,0305212910970052
-0,962346649169922
0,135052448908488
0,048108983039856
-0,647332013448079
0,261029742558797
-6,27064704895019E-05
-0,278404598236084
0,531035346984863
-0,124708919525146
-0,207707614898682
0,469865709940592
-0,136067775090535
-0,261642106374105
0,284919821421305
-0,109365510940552
-0,243058287302653
0,25635945002238
-0,132687972386678
-0,228077608744303
0,197320194244385
-0,131717449824015
-0,183395659128825
0,172326278686523
-0,143501920700073
0
0
0
0
0
0
1
0
0
0
