0,323606878916423
-0,167091817855835
-0,135816561381022
0,472696901957194
0,0151315402984619
-0,346677576700846
0,525671869913737
0,16892006556193
-0,570565439860026
0,649273732503255
0,340598971048991
-0,626057421366374
0,588498077392578
0,409133796691895
-0,743663864135742
0,337840779622396
0,27221747080485
-0,667580986022949
0,223296966552734
0,0731923246383667
-0,568705279032389
0,143207035064697
0,0426086362202962
-0,482854690551758
0,0911277198791504
0,0258233352502187
-0,107559178670247
0,262125193277995
0,0240146887302399
1,63120378494263
0,730656776428223
-0,763898391723633
2,55343729654948
0,803650309244792
-1,06589698791504
3,26537373860677
0,659144961039225
-0,616812489827474
2,29406743367513
0,34209290822347
-0,144229078292847
1,29135828653971
0,31059866587321
-0,13911039352417
0,644398943583171
0,0568877188364665
-0,303950030008952
-0,0962477429707845
-0,257539087931315
-1,74535680135091
-1,238729540507
-0,6230988184611
-2,12942204793294
-1,54825057983398
-0,72459353129069
-1,64937622070313
-1,00628865559896
-0,609550692240397
-1,18065307617188
-0,499067764282227
-0,443217684427897
-1,08347277323405
-0,151040372848511
-0,326567567189535
-0,701172421773275
0,113517196973165
-0,327729199727376
-0,359820988972982
0,23523234685262
-1,96409245808919
-0,846906445821126
0,358688055674235
-1,66753682454427
-1,46139607747396
0,572772356669108
-1,20069137573242
-0,931452229817708
0,33322224299113
-0,757696901957194
-0,355996131896973
0,0936475563049316
-0,455770200093587
-0,133502216339111
0,0461634397506714
-0,311912746429443
0,00893563747406006
-0,0189614383379618
-0,222521909077962
0,12446574529012
-0,0787741422653198
-0,122983061472575
0,176760527292887
-0,117752180099487
-0,0869833787282308
0,2068732325236
-0,118298851648966
-0,107834256490072
0,16342259089152
-0,0634313495953878
-1
-1
-1
-1
-1
-1
1
-1
-1
-1