0,0468475691477458
-0,0289689501126607
-0,0422258496284485
0,107596464157104
0,00961371898651123
-0,110893058776855
0,132544905344645
0,114226528803507
-0,204313538869222
0,193576075236003
0,220481357574463
-0,285750815073649
0,37999387105306
0,309301986694336
-0,358050066630046
0,276393515268962
0,269718475341797
-0,374381345113118
0,0752204624811808
0,00960833470026652
-0,305184230804443
0,0356638391812642
-0,156201496124268
-0,240945358276367
0,049708263874054
-0,0422374184926351
0,0933558336893718
1,63637580871582
-0,202074343363444
1,33951821645101
1,11240423202515
-0,00625544230143227
4,70081329345703
0,25641788482666
-1,21218658447266
4,27218516031901
0,228396631876628
-1,59096496582031
1,64760345458984
-0,105238978068034
-2,75129506429036
-0,469680500030518
-0,364681936899821
-0,340740661621094
-4,00797068277995
-1,48900299072266
-1,64523738861084
-1,39310153961182
-1,35866360982259
-1,89604044596354
-0,136010246276855
-0,925751088460287
-1,08057840983073
-0,0850239753723144
-0,691451085408529
-0,830945332845052
0,140163005193075
-0,572455571492513
-0,305394808451335
0,217834548950195
-0,517922541300456
-0,0145036538441976
0,0547892888387044
-3,17218475341797
-0,541658035914103
1,59825553894043
-1,8359268951416
-0,540542500813802
0,713897959391276
-0,604175287882487
0,177762266794841
0,137154205640157
-0,135915449460347
0,280069719950358
0,0170924985408783
0,000708470344543454
0,326942189534505
0,0137726366519928
0,0695002237955729
0,270332107543945
0,0163106989860535
0,128745657602946
0,241896635691325
-0,0292651879787445
0,22088888168335
0,25468563079834
-0,0769443241755168
0,209532254536947
0,252636706034342
-0,0988175519307454
0,151394640604655
0,211549682617188
-0,098978894551595
0,13155899365743
0,17861806233724
-0,102119137446086
0,111010258992513
0,14529465675354
-0,0721033382415772
0
0
0
0
0
0
1
0
0
0
