0,189087314605713
0,0448267428080241
-0,20206324895223
0,240370063781738
0,119799321492513
-0,227102851867676
0,242735385894775
0,168156207402547
-0,26703026453654
0,181642297108968
0,233716290791829
-0,280435263315837
0,253266728719076
0,445264409383138
-0,334047298431396
0,369673296610514
0,708478393554688
-0,462126337687174
0,190488402048747
0,63250129699707
-0,647591997782389
0,12978354771932
0,440419731140137
-0,699231719970703
0,0953578313191732
0,553428688049316
-0,528065338134766
0,223195521036784
0,594497413635254
1,57060241063436
0,295049133300781
0,0685603713989258
3,131298828125
1,1759700012207
-0,0681078084309896
3,45987050374349
1,37744115193685
-0,846540222167969
3,48502248128255
0,748077443440755
-1,33908747355143
2,67963490804036
0,448366851806641
-1,46428192138672
1,55010126749674
0,211573352813721
-0,872462412516276
-0,175479939778646
-0,700614325205485
0,179147453308105
-3,02570200602214
-1,26880688985189
-0,232036298116048
-2,63570409138997
-1,2759573618571
0,163105036417643
-1,93228764851888
-1,05243372599284
0,322913366953532
-1,16722328186035
-0,760223337809245
-0,10475653330485
-0,582489954630534
-0,636061604817708
-0,334247055053711
-0,206598084767659
-0,408338902791341
-0,231346600850423
0,0812344837188721
-0,463422978719076
-0,0737657976150513
-0,0895845826466878
-0,846683654785156
-0,203373470306396
-0,132861391703288
-0,739917933146159
-0,318130480448405
-0,0426260884602865
-0,5236408106486
-0,153251498540243
-0,145782121022542
-0,348160775502523
-0,0333136705557505
-0,177446606953939
-0,229980239868164
0,0119616258144379
-0,141404876708984
-0,201963106791178
0,022208886941274
-0,125247901280721
-0,184197985331217
0,0141670401891073
-0,120457029342651
-0,169570757548014
0,0332748198509216
-0,116333144505819
-0,113150828679403
0,0976956748962402
-0,13623291015625
0
0
0
0
0
0
1
0
0
0
