0,288867104848226
-0,0727158896128337
-0,456205062866211
0,349126033782959
-0,0123514858881633
-0,466234308878581
0,579896430969238
0,184905567169189
-0,565370852152507
0,613278071085612
0,297796211242676
-0,698902231852214
0,366284847259521
0,244189319610596
-0,695316619873047
0,241896858215332
0,188677533467611
-0,601971232096354
0,139735091527303
0,280872580210368
-0,486765556335449
0,101564582188924
0,324502283732096
-0,156859798431396
0,0840948804219564
0,174428990681966
0,323437334696452
0,119520492553711
0,124741668701172
1,93981943766276
0,344784647623698
0,0673270797729492
3,01993937174479
0,849203262329102
-0,140827929178874
2,36630950927734
0,806725209554036
-0,436691335042318
1,84983393351237
0,778082046508789
-0,585424601236979
1,18305953979492
0,691429621378581
-0,746907323201497
0,408259766896566
-0,635137621561686
-0,98861567179362
-2,24701522827148
-1,35814931233724
-1,45380299886068
-2,0353407796224
-1,3268147277832
-1,28241493225098
-1,58964548746745
-1,22870025634766
-1,15256757100423
-0,935063883463542
-0,977055435180664
-0,948466771443685
-0,320451164245605
-0,734105707804362
-0,796121648152669
0,173805071512858
-0,560086809794108
-0,50392079671224
0,279483604431152
-0,480716654459635
-0,375249099731445
0,231825078328451
-0,665053952534993
-0,417722028096517
0,0279448580741882
-0,656217460632324
-0,3036692237854
-0,0466986163457235
-0,563213996887207
-0,0973073609670003
-0,133076413472493
-0,504585189819336
0,0194554328918457
-0,174010524749756
-0,488960355122884
0,0891053040822347
-0,0820865758260091
-0,454482612609863
0,192709852854411
0,00741846958796183
-0,427359059651693
0,270779857635498
0,0466116094589233
-0,350502262115479
0,381787261962891
0,0877673657735189
-0,242931696573893
0,427569058736165
0,127853854497274
-0,288538322448731
0,282859910329183
0,0624240454037984
0
0
0
0
0
0
1
0
0
0
