0,37010311126709
0,13803461710612
-0,525436210632324
0,268924318949382
0,100437170664469
-0,575927975972493
0,27283810933431
0,145699758529663
-0,645214627583822
0,24078561147054
0,185343780517578
-0,716453196207682
0,160508127212524
0,156022717158
-0,732494862874349
0,115108760197957
0,120811758041382
-0,785603332519531
0,0800801165898641
-0,00429781436920166
-0,800964533487956
0,0458036080996196
-0,082500631014506
-0,636728922526042
0,0253365317980448
-0,0738519096374512
-0,22903912226359
0,674485184351603
0,703790365854899
2,22778874715169
2,26875671386719
-0,343696594238281
4,63286071777344
0,230791931152344
-0,918191757202148
4,75252085367839
-0,0851441637674967
-0,768872833251953
2,07842966715495
-0,141582870483398
-0,457113494873047
1,90470143636068
-0,197583160400391
-0,261220067342122
-0,136765696207682
0,221981646219889
-1,45310628255208
-2,24721883138021
-0,426070976257324
0,0500300598144531
-3,48157358805339
-1,57440938313802
1,40590103149414
-2,36466501871745
-0,549206352233887
3,25886199951172
0,332236150105794
0,384099502563477
0,451674448649089
1,24682182312012
-0,291423937479655
0,523689867655436
1,8914821879069
-0,304432220458984
0,496049880981445
1,72665903727214
-0,410372263590495
0,140545024871826
1,60828887939453
-2,57912185668945
-0,8770836130778
-0,434218966166178
-1,75346806844076
-0,738105443318685
0,0679559516906738
-0,864226633707682
0,581198965708415
-0,0775071811676025
0,0448201322555542
2,23251007080078
-0,360362968444824
0,0754676596323649
1,92875188191732
-0,262546768188477
-0,0626860602696737
1,57493881225586
-0,156909726460775
-0,434232343037923
0,905540364583333
-0,214309012095133
-0,488256123860677
-0,255423278808594
-0,390899302164714
-0,431799786885579
-0,204222946166992
-0,0956308015187581
-0,487662200927734
-0,260082378387451
0,0227087497711182
0
0
0
0
0
0
1
0
0
0
