0,683169631958008
0,703479131062826
-0,635052032470703
0,523809865315755
0,501986427307129
-0,678882090250651
0,366395098368327
0,300343106587728
-0,606669413248698
0,268372637430827
0,218637002309163
-0,614067662556966
0,19080587387085
0,11884096622467
-0,66959093729655
0,18228556950887
0,0194704214731852
-0,679236475626628
0,181604550679525
0,0142091985543569
-0,663327865600586
0,205304298400879
0,108993689219157
-0,467070840199789
0,207983830769857
0,142988173166911
0,0156549517313639
0,405203793843587
-0,383133586247762
2,18811642964681
1,54150436401367
-1,2861159769694
4,15003580729167
0,632548980712891
-1,21145243326823
3,55663492838542
-0,298549499511719
-0,283498407999675
1,92327540079753
-0,182133611043294
-0,448589096069336
1,37171529134115
-0,034758669535319
0,014707768758138
-1,58516377766927
-0,245537503560384
0,226636098225911
-3,13974746704102
-0,736801122029622
-0,199057490030924
-2,17963724772135
-0,727539800008138
-0,132058916091919
-1,82114873250326
-0,608661168416341
0,152356863021851
-1,12555160522461
-0,525188674926758
0,0495680491129557
-0,301428127288818
-0,462241821289062
-0,104703872998556
0,248914833068848
-1,42870156606038
-0,297087284723918
0,034799861907959
-2,42976938883464
-1,27584182739258
0,111182009379069
-1,50111170450846
-1,11645067850749
0,550084317525228
-1,21982709248861
-0,928150889078776
0,367643718719482
-0,893163935343425
-0,767190577189128
0,200382671356201
-0,663304621378581
-0,601577580769857
0,0357083368301392
-0,554942410786947
-0,38109380086263
-0,119599253336589
-0,546225331624349
-0,255352007548014
-0,259273910522461
-0,528842442830404
-0,230988305409749
-0,302579428354899
-0,46015199025472
-0,178150059382121
-0,380272674560547
-0,358826853434245
-0,106954097747803
-0,44141232808431
-0,306054960886637
-0,0571014134089152
-0,397345339457194
0
0
0
0
0
0
1
0
0
0
