0,44568717956543
0,260174560546875
-0,30796257019043
0,721573079427083
0,441577275594076
-0,470587018330892
0,691904411315918
0,584207191467285
-0,597461433410645
0,441723124186198
0,246303132375081
-0,54534247080485
0,332109705607096
0,0805258242289225
-0,636877479553223
0,283088804880778
0,141920072237651
-0,783214696248372
0,229581330617269
0,30871239344279
-0,751652526855469
0,179584407806396
0,382025082906087
-0,503487815856934
0,154199571609497
0,36923589070638
-0,104355109532674
0,287432823181152
-0,233418566385905
1,77118299484253
-0,101247889200846
0,137657330830892
2,10741714477539
1,36517145792643
1,98853332519531
3,58461629231771
1,02931416829427
0,822693506876628
4,2459267171224
0,251780471801758
-0,318081868489583
2,1097331237793
0,315413932800293
-0,34485891977946
1,44302106221517
0,192528864542643
-0,63224848429362
0,893024393717448
0,0326966730753581
-0,576365814208984
0,361249554951986
-0,1048499584198
-0,733001238505046
-0,0397776198387146
-0,232093944549561
-0,726818466186523
-0,218654298782349
-0,217982374827067
-0,566984278361003
-0,0929784758885702
-0,19248296101888
-0,412777201334635
0,0629721879959106
-0,226767120361328
-0,41102414449056
0,368009440104167
-0,204589347839355
-0,401752853393555
0,571484718322754
-2,26787511189779
-1,01670912424723
0,452055028279622
-2,53432998657227
-2,07606791178385
1,14406275431315
-1,8656596883138
-1,7965293375651
1,07239344278971
-1,22492319742839
-1,23385381062826
0,644108568827311
-0,570804023742676
-0,647981503804525
0,323223876953125
-0,244818388621012
-0,279731006622314
0,156289081573486
-0,237195173899333
-0,249112326304118
0,14289519627889
-0,277489992777507
-0,303925336201986
0,120973122914632
-0,232836322784424
-0,220168333053589
-0,00624121824900309
-0,126763919194539
-0,0640995828310649
-0,135491317113241
-1
-1
-1
-1
-1
-1
1
-1
-1
-1