0,259055983225505
0,206208782196045
-0,386047821044922
0,224192015329997
0,181589628855387
-0,435650774637858
0,151141802469889
0,152215712865194
-0,417542864481608
0,0858584149678548
0,114212338129679
-0,374237314860026
0,0433175834019979
0,066314738591512
-0,457868715922038
0,0666865126291911
0,0286484893163045
-0,637090263366699
0,114117806752523
-0,00984713951746623
-0,783463795979818
0,125789794921875
0,176150229771932
-0,709341901143392
0,198826119105021
0,261332060496012
0,504084466298421
0,528186060587565
0,237028382619222
2,77820465087891
0,034670155843099
0,165704091389974
3,12636108398437
1,48977610270182
-0,811734886169434
3,95498443603516
0,216497802734375
-1,46340799967448
3,04400883992513
-0,513819897969564
-1,03999560038249
1,97391052246094
0,120808792114258
-0,991148897806803
-1,44809356689453
-0,356093470255534
-0,388194936116536
-3,95274536132812
-0,925818659464518
0,239409815470378
-3,3796299235026
-1,26255503336589
1,00535512288411
-2,16305725097656
-0,415899759928385
2,39427037556966
0,127510302861532
-0,291508197784424
1,97146133422852
0,277375233968099
0,112025782267253
0,646556676228841
1,83603340148926
-1,85452161153158
-0,470825268427531
0,874204177856445
-3,33762181599935
-1,42304606119792
0,0614270655314128
-1,96496861775716
-0,958697992960612
0,736526667277018
-1,3064533996582
-0,55205810546875
0,43492015838623
-0,709434496561686
-0,206932627360026
0,122651794751485
-0,450901069641113
-0,158701127370199
0,00196919759114583
-0,36176503499349
-0,250810616811117
-0,0407438309987386
-0,251601721445719
-0,219206078847249
-0,0676178805033366
-0,107415569623311
-0,142086226145426
-0,108327598571777
-0,0503880325953166
-0,178426831563314
-0,185231240590413
-0,0195698197682699
-0,193411235809326
-0,249223645528158
-0,0327536129951477
-0,220800692240397
-0,231441472371419
0
0
0
0
0
0
1
0
0
0
