0,208142967224121
0,0562655814488729
-0,902491836547851
0,0686601765950521
-0,0266990307966868
-0,912965469360352
0,0437914196650187
0,0202836287021637
-0,855510635375976
0,0970742511749268
0,0990269772211711
-0,801871210734049
0,045554780960083
0,109732003211975
-0,899930089314779
-0,038359378973643
0,0507508627573649
-0,840370966593424
-0,0289956100781759
0,0269118881225586
-0,699049479166667
-0,00109370152155558
0,167130352656047
-0,668656692504883
-0,00331051369508108
0,317229092915853
-0,444385083516439
-0,00382614850997925
0,221626408894857
1,61880577723185
0,430208702087402
-0,341357192993164
2,93563242594401
1,07755213419596
-1,26251182556152
3,47293823242187
1,89332168579102
-2,93622701009115
4,14483601888021
0,766226654052734
-2,6806972249349
2,33953684488932
0,192119674682617
-1,9542041015625
0,929827117919922
0,85706724802653
-1,50463506062826
-2,39659862518311
0,094983647664388
0,908097979227702
-4,4527153523763
-1,24791086832682
2,31070256551107
-1,68379119873047
-1,26613047281901
3,0387070719401
-0,750098724365234
-0,435158904393514
1,78624145507812
1,54110137939453
-0,0585916455586751
-0,0334126536051432
2,97342590332031
-0,524954401652018
0,155741516749064
1,90216267903646
-3,31455474853516
-1,96083989461263
-0,102535527547201
-1,75372365315755
-1,77230748494466
0,846084874471029
-1,21574801127116
-1,35367390950521
0,616880950927734
-0,594050280253092
-0,919634908040365
0,304699954986572
-0,263991820017497
-0,700292154947917
0,180024998982747
-0,137358779907227
-0,584450073242187
0,160592114130656
-0,107435388565063
-0,501203880310059
0,0876947339375814
-0,0445541493097941
-0,384698664347331
-0,0206836613019307
0,0293109003702799
-0,181489899953206
-0,138110675811768
0,0141576806704203
-0,0689093430836995
-0,216838455200195
-0,0530096356074015
-0,0687476189931234
-0,207137444814046
-1
-1
-1
-1
-1
-1
1
-1
-1
-1