0,219245166778564
0,125060393015544
-0,584549878438314
0,176877485911051
0,0922550312678019
-0,555549774169922
0,105625139872233
0,0245618331432343
-0,49304807027181
0,0650230153401693
-0,000800465742746989
-0,511640294392904
0,0433834457397461
-0,0127058506011963
-0,536337534586589
0,0174828958511353
0,048865346511205
-0,517030512491862
0,0311255121231079
0,201006177266439
-0,43562505086263
0,0548931296666463
0,319270477294922
-0,168992106119792
0,04761070728302
0,362292098999023
0,290229759216309
0,80387327671051
0,832498168945312
1,93054837544759
1,73529716491699
0,493441200256348
4,36555623372396
0,410497894287109
-0,886627184549967
4,90428904215495
0,799181264241536
-1,47509946187337
2,90830042521159
0,897470626831055
-1,55250228881836
2,23572306315104
0,787305043538411
-1,55907852172852
1,63339492797852
0,66268502553304
-1,42441251118978
-1,63927419026693
-0,172891095479329
-0,973025741577148
-3,56819163004557
-1,14392832438151
-0,0172847620646159
-2,6992594909668
-0,968043950398763
1,67902863820394
-1,08506764729818
-0,826155700683594
2,20327565511068
-0,249966011047363
-0,527665125528971
1,81638046264648
0,817531185150146
-0,0348349030812581
1,0660440826416
2,15589508056641
-0,249760847091675
0,83178949991862
1,52379572550456
-2,32434229532878
-1,12618982950846
-0,491224530537923
-1,82443186442057
-0,948653742472331
-0,358912544250488
-1,16964543660482
-0,583924166361491
-0,381663932800293
-0,72137570699056
-0,350027605692546
-0,44107172648112
-0,556935386657715
-0,249551162719727
-0,428489850362142
-0,431827774047852
-0,19485071182251
-0,329876098632812
-0,306989116668701
-0,156387621561686
-0,295188166300456
-0,21281005859375
-0,157894280751546
-0,309750881195068
-0,175964368184408
-0,164533500671387
-0,309862893422445
-0,104512182871501
-0,134658241271973
-0,236058158874512
0
0
0
0
0
0
1
0
0
0
