-0,0240488203366598
-0,0117324976126353
-0,380591684977214
-0,00846176187197367
0,0320828064282735
-0,422597719828288
-0,00147825161616007
0,0359354821840922
-0,52108081817627
0,163640015920003
0,0882060019175212
-0,651815846761068
0,339547748565674
0,161733846664429
-0,809229583740234
0,40578852335612
0,254593524932861
-0,866775334676107
0,2324334081014
0,210825347900391
-0,777511469523112
0,159119154612223
0,272448253631592
-0,565001258850098
0,112152064641317
0,53722292582194
-0,291873219807943
0,496605126063029
0,856848653157552
2,27498498916626
1,45923873901367
-0,133152847290039
4,69013875325521
1,45923873901367
-2,15509857177734
5,33130655924479
0,343776143391927
-2,46971588134766
4,47748423258464
0,509950942993164
-2,26255124409994
0,507755648295085
0,967685267130534
-1,01572227478027
-1,44713864644368
0,025621592203776
-0,600678176879883
-4,82710123697917
-1,40947540283203
1,18785822550456
-2,01240081787109
-1,40923464457194
2,0901166788737
-1,19178815205892
-0,427054214477539
2,7192106628418
0,0429254372914632
-0,356894569396973
1,90408340454102
0,433562863667806
-0,319299303690592
1,44827901204427
0,574637273152669
-2,01559122721354
-0,183389841715495
0,313399658203125
-2,4536420694987
-1,39310674031576
0,712628809611003
-1,68655527750651
-1,13439208984375
0,79101801554362
-1,03126960754395
-0,709864107767741
0,526321805318197
-0,493347193400065
-0,377206122080485
0,285009835561117
-0,332378444671631
-0,266348266601563
0,079767169157664
-0,285328044891357
-0,214820798238119
0,0161875557899475
-0,215825812021891
-0,147787907918294
-0,0598463582992554
-0,171910355885824
-0,0812190469106038
-0,189416580200195
-0,125782648722331
-0,0490200185775757
-0,198024393717448
-0,0918851312001546
-0,0782004769643148
-0,185453122456868
-0,0301559281349182
-0,0642327443758647
-0,144197832743327
-1
-1
-1
-1
-1
-1
1
-1
-1
-1