0,0622860272725423
0,15357780456543
-0,315641492207845
0,128783861796061
0,166920960744222
-0,378447024027506
0,268345317840576
0,247776495615641
-0,495230140686035
0,437877489725749
0,295452156066895
-0,638890914916992
0,52991340637207
0,340638135274251
-0,783899612426758
0,345267429351807
0,186143690745036
-0,762849349975586
0,297727820078532
0,0375713094075521
-0,543931350708008
0,29248005549113
0,272273248036703
-0,414400723775228
0,292994384765625
0,708558044433594
-0,201862703959147
1,35324263254801
0,785016581217448
2,35016184488932
2,14023244222005
-0,6052392578125
4,4134462483724
0,0560205332438151
-2,83845174153646
4,37095560709635
-0,167613296508789
-2,50541854858398
2,85063069661458
0,284429181416829
-2,33495478312174
0,136623077392578
0,64521671295166
-1,45963104248047
-2,3042027537028
0,0791366958618164
0,509192657470703
-4,02564646402995
-0,16026741027832
1,39028981526693
-3,17814575195312
-1,18297920227051
3,0294394938151
-1,92367879231771
-0,274142430623372
3,73779774983724
0,0922120666503906
0,407332127888997
0,827444489796956
2,68431518554688
0,00633332570393881
0,141479371388753
3,10072296142578
-1,06991683959961
0,161021432876587
1,89542032877604
-3,6114501953125
-2,02379643758138
-0,770860646565755
-1,95119186401367
-1,92537317911784
0,184286963144938
-1,2977267964681
-1,36840838114421
-0,0610381603240967
-0,783081359863281
-0,873672383626302
-0,24775400797526
-0,535956967671712
-0,701432723999023
-0,228732954661051
-0,447868054707845
-0,622867584228516
-0,179613825480143
-0,347207272847493
-0,50932253519694
-0,14172482808431
-0,211799519856771
-0,302305062611898
-0,188351821899414
-0,156793518066406
-0,201443735758464
-0,178227767944336
-0,130181436538696
-0,170201241175334
-0,167262083689372
-0,0926958131790161
-0,104208370844523
-0,157973254521688
-1
-1
-1
-1
-1
-1
1
-1
-1
-1