0,117382977803548
0,272984320322673
-0,391525535583496
0,116245183944702
0,200078290303548
-0,39230655670166
0,123249266942342
0,120890369415283
-0,438839581807454
0,24780694325765
0,133097880681356
-0,572607396443685
0,304896767934163
0,122831606864929
-0,667473475138346
0,176725457509359
-0,109710068702698
-0,712889811197917
0,144673757553101
-0,22061798731486
-0,803719278971354
0,122144902547201
-0,106297178268433
-0,784035517374674
0,14257685025533
0,28595269203186
-0,497893104553223
1,03016311645508
0,641939252217611
2,13744981765747
2,4933984375
-1,48287729899089
5,89075480143229
0,282494608561198
-2,31810150146484
5,74678426106771
-0,204669342041016
-1,90005544026693
2,85184692382813
0,399110844930013
-2,8670659383138
0,246064656575521
0,585356953938802
-1,36229070027669
-1,66608601888021
-0,394626134236654
0,318203690846761
-4,11376200358073
-1,30814694722493
0,682703202565511
-2,36450408935547
-1,3271945699056
1,92782557169596
-2,37828069051107
0,0831658744812012
2,51940419514974
-0,400631942749023
0,172111053466797
0,761604181925456
1,16827966054281
0,0135190455118815
-0,766452484130859
2,92837804158529
-0,472386194864909
-0,604096794128418
1,56700871785482
-1,82702489217122
-1,53739936828613
1,27646728515625
-2,1149473063151
-1,82906321207682
1,12896573384603
-1,33986658732096
-1,21248809814453
0,754317906697591
-0,724774627685547
-0,667730484008789
0,408293164571126
-0,521639442443848
-0,499075787862142
0,240061753590902
-0,472967847188314
-0,48771967569987
0,164856271743774
-0,366657307942708
-0,386825370788574
0,038142507870992
-0,262061723073324
-0,242770907084147
-0,117330365180969
-0,227173296610514
-0,169047584533691
-0,170366814931234
-0,247692693074544
-0,166627515157064
-0,14255438486735
-0,23976370493571
-0,112718846003215
-0,12063151995341
0
0
0
0
0
0
1
0
0
0
