0,139140491485596
0,263072427113851
-0,506543426513672
0,212176977793376
0,345037485758464
-0,511328989664714
0,183273595174154
0,288803412119548
-0,486456095377604
0,219287726084391
0,243189868927002
-0,513908602396647
0,400174407958984
0,294610964457194
-0,607000859578451
0,304312559763591
0,265143280029297
-0,680097935994466
0,233887297312419
0,191761576334635
-0,541236457824707
0,1875661277771
0,284509461720785
-0,416864484151204
0,145881967544556
0,575305099487305
-0,175446500778198
0,694540529251099
1,76365982055664
1,68638881365458
1,81434310913086
1,49914677937825
2,85802886962891
1,97482233683268
-1,83628601074219
4,21469848632812
1,00398788452148
-1,42473266601562
3,59870229085286
0,198697382609049
-2,81715881347656
2,15871200561523
0,869854456583659
-3,30670430501302
-0,513321914672852
0,682626978556315
-1,78282114664714
-2,92114267985026
-0,603482996622721
-0,0503158569335938
-3,92467081705729
-1,74378163655599
1,93614781697591
-1,59490895589193
-0,774710337320964
2,7343403116862
0,018489252726237
-0,620708643595378
1,2264870707194
0,117320696512858
-0,529115142822266
0,892924296061198
0,266459903717041
-0,42869016011556
0,535303293863932
0,506730626424154
-1,79258763631185
-0,855330136617025
0,526272913614909
-2,27853800455729
-1,75966094970703
0,677153536478678
-1,65406611124674
-1,39744486490885
0,65978645324707
-0,983247909545899
-0,850376612345377
0,402785975138346
-0,630487098693848
-0,551262041727702
0,243788897196452
-0,544073015848796
-0,463562545776367
0,146981067657471
-0,420073013305664
-0,355193157196045
0,0336077380180359
-0,287209281921387
-0,222943719228109
-0,0481880831718445
-0,167346436182658
-0,0992431640625
-0,138450568517049
-0,15814201037089
-0,106435534159342
-0,146397641499837
-0,144225438435872
-0,142269007364909
-0,0887043968836467
-1
-1
-1
-1
-1
-1
1
-1
-1
-1