0,119183508555094
0,0761676692962647
-0,395401458740234
0,333757470448812
0,17598185857137
-0,496503868103027
0,497385838826497
0,249998099009196
-0,662627360026042
0,340342934926351
0,256622797648112
-0,755359802246094
0,234606037139893
0,128132397333781
-0,678094011942546
0,166423587799072
0,063552926381429
-0,635663070678711
0,172358233133952
0,152387701670329
-0,651898574829102
0,153596353530884
0,353950443267822
-0,571647529602051
0,164567979176839
0,574535980224609
-0,265785217285156
0,191628398895264
0,319235191345215
2,00420965194702
1,58292236328125
0,097532107035319
4,62416422526042
1,15511581420898
-0,875144068400065
5,26450937906901
1,17846715291341
-0,916484629313151
3,5927880859375
0,377080289522807
-1,47374933878581
2,74613169352214
0,0838740619023641
-1,46555435180664
1,45600797017415
0,116587549845378
-1,43373911539714
0,741847737630208
0,253115514119466
-0,22837153116862
-4,64288584391276
-1,62534545898437
1,19430770874023
-2,80789306640625
-1,5960334777832
1,51745905558268
-1,96841344197591
-0,322138837178548
2,46894409179688
-0,992722752888997
-0,291368776957194
2,39717325846354
-0,687246106465658
-0,241785825093587
1,8143088277181
-0,0999005222320557
-0,221485385894775
1,191749903361
0,279025640487671
-0,0910500717163086
0,734717763264974
0,620989163716634
-1,693297996521
-0,7652734375
0,352676086425781
-1,958740234375
-1,49847407023112
0,578069750467936
-1,26832323710124
-1,20365748087565
0,614253273010254
-0,796303278605143
-0,747924830118815
0,313647912343343
-0,520734049479167
-0,51195322672526
0,16503475189209
-0,427262598673503
-0,41429515838623
0,0797320048014323
-0,288134829203288
-0,263909695943197
0,0161310867468516
-0,0450027831395467
0,0341973336537679
-0,0573008600870768
0,0553392775853475
0,16210810025533
-0,112597544987996
-1
-1
-1
-1
-1
-1
1
-1
-1
-1