0,306247806549072
0,140519221623739
-0,397524248758952
0,310578734079997
0,318030185699463
-0,381446622212728
0,379377530415853
0,396658147176107
-0,401576995849609
0,447198740641276
0,572523778279622
-0,447770055135091
0,478364562988281
0,665813903808594
-0,502242914835612
0,346105047861735
0,675531183878581
-0,548562075297038
0,188464320500692
0,556971104939779
-0,527043635050456
0,0587794399261475
0,408745282491048
-0,516623802185059
-0,0164150643348694
0,323666852315267
-0,557176132202148
0,157361181577047
2,02099082946777
-0,169590797424316
0,433599980672201
1,81872049967448
2,190589650472
0,816183853149414
0,632633514404297
4,33727681477865
3,55104807535807
-2,87613433837891
4,45545379638672
1,58792846679687
-3,95177429199219
3,32746765136719
0,567169952392578
-3,9043174235026
1,04320999145508
2,5580837504069
-0,298425547281901
-3,67026306152344
-1,19940882364909
1,15216313680013
-3,24178985595703
-1,41940149943034
1,11537704467773
-1,90808517456055
-1,2025439453125
2,13515352884928
0,0185889943440755
-0,801424001057943
1,48547271728516
2,47262212117513
-1,38049494425456
-1,04194625854492
1,27873046875
-2,2869655863444
-1,50857411702474
-0,536252034505208
-2,38474416097005
-2,08413808186849
0,288446006774902
-1,88024831136068
-1,76446024576823
0,155206184387207
-1,29057428995768
-1,25024658203125
-0,0323315795262655
-0,905034713745117
-0,906931660970052
-0,0519831959406535
-0,803853200276693
-0,737466150919596
0,0506967465082804
-0,647191301981608
-0,552486763000488
0,0746258020401001
-0,365659720102946
-0,401584103902181
0,111463162104289
-0,18096425374349
-0,239842739105225
0,110729932785034
-0,126568361918132
-0,109536635080973
0,117585872014364
-0,0586806297302246
-0,0970471000671387
0,0803322458267212
-0,0208021358648936
-0,182022778193156
0,0216338725884755
-1
-1
-1
-1
-1
-1
1
-1
-1
-1