0,319455839792887
0,255985647837321
-0,299736111958822
0,303858178456624
0,295295232137044
-0,326567103068034
0,19987948735555
0,292588342030843
-0,32491444905599
0,15024019241333
0,338022028605143
-0,338071301778158
0,288889331817627
0,38787473042806
-0,411531079610189
0,464736557006836
0,316822751363118
-0,592190539042155
0,224754130045573
0,146623555819194
-0,635258293151855
0,129262739817301
-0,11813266436259
-0,604937629699707
0,0975588766733805
-0,0262227948506673
-0,577981986999512
0,0189696979522705
1,68684712727865
0,710671272277832
0,616278708775838
1,5935139465332
2,63530888875326
0,943438339233399
-1,23894627888997
3,78650360107422
3,12618006388346
-4,08089360555013
4,55627034505208
0,506233062744141
-3,8245556640625
3,43768646240234
0,794702911376953
-0,159060331980387
1,07758099873861
1,38319046020508
1,65640589396159
-3,42626770019531
-1,27959808349609
2,81429616292318
-2,9592844136556
-1,10138885498047
2,41747955322266
-1,40132151285807
-0,456437377929688
2,30452814737956
-0,400495363871257
-0,470904973347982
0,961418100992839
1,92550788879395
-2,17978815714518
0,00139578978220622
1,99240219116211
-1,68702601114909
2,7343432108561E-05
1,16726351420085
-2,40450403849284
0,114128348032633
0,151057147979736
-2,21748881022135
-0,417720108032227
0,211734415690104
-1,83420130411784
-0,500537707010905
0,101569979985555
-1,30101346333822
-0,376588439941406
0,0675113916397095
-0,955957768758138
-0,100279822349548
0,0257540639241537
-0,685550880432129
0,0358880360921224
0,0392115012804667
-0,484245529174805
0,00834147771199544
0,0909553941090902
-0,327014166514079
-0,0055349604288737
0,104922482172648
-0,228095417022705
0,0788878170649211
0,0381769104798635
-0,159009675979614
0,0986818901697795
0,014463271299998
-0,093453680674235
0,030994455019633
0,0254940931002299
0
0
0
0
0
0
1
0
0
0
