0,198030598958333
0,360612538655599
-0,626825116475423
0,0827284113566081
0,389706344604492
-0,609292182922363
0,0855044460296631
0,426884396870931
-0,65921864827474
0,201176319122314
0,452264200846354
-0,768711420694987
0,105350027084351
0,477766520182292
-0,963069839477539
-0,126991167068481
0,633463223775228
-1,00789184570312
-0,134360656738281
0,667980117797852
-0,937703272501628
-0,100572029749552
0,626450780232747
-0,838197326660156
0,00251444816589356
0,55315175374349
-0,524773343404134
0,507395750681559
-0,934539413452148
2,05741742451986
3,83139862060547
-4,12091644287109
4,07918680826823
-0,110552876790365
-3,32943572998047
4,59916330973307
-3,25103373209635
-1,71381561279297
3,49850224812826
0,535881525675456
0,456519470214844
1,48411432902018
0,750791931152344
3,11634536743164
-2,23338877360026
-0,80816827138265
1,85670092264811
-2,10833587646484
-0,929572385152181
2,12232813517253
-4,08324493408203
-2,14979888916016
-0,298141752878825
-0,981833572387695
-1,81442189534505
-0,181065756479899
-0,543548634847005
-1,44957194010417
-0,35365161895752
-0,0808471361796061
-1,10069694519043
-0,603267262776693
0,419822635650635
-0,436901270548503
-2,46461893717448
-0,0273532740275065
-1,05847320556641
-1,62965311686198
-0,41876698811849
-1,24427719116211
-1,57276931762695
0,043301362991333
-1,26573997497559
-1,32217468261719
0,194809538523356
-1,01346661885579
-0,905179723103841
0,164331474304199
-0,558566525777181
-0,443038279215495
-0,00336610476175944
-0,315796610514323
-0,20369135538737
-0,159179131189982
-0,318808288574219
-0,0859367942810059
-0,159934043884277
-0,311415774027506
-0,121703961690267
-0,0945294094085693
-0,217267513275146
-0,0722814337412516
-0,0752809143066406
-0,107230033874512
0,0604520448048909
-0,138044115702311
-0,132456700007121
0,121961599985758
-0,158137852350871
0
0
0
0
0
0
1
0
0
0
