0,137465620040894
-0,0110746071736018
0,350444043477376
0,0641157730420431
-0,00435707032680512
0,249084949493408
0,00501344501972199
0,0239071238040924
0,135292924245199
0,0929979165395101
0,131074126561483
-0,0180485439300537
0,265479863484701
0,399340960184733
-0,232883224487305
0,455154838562012
0,687038332621256
-0,438596051534017
0,757559611002604
0,877163289388021
-0,649099947611491
0,557971356709798
0,68239143371582
-0,597298278808594
0,374488067626953
0,383251876831055
-0,0731027475992839
0,472927754720052
0,292567698160807
2,07934964497884
0,072645263671875
-1,25535110473633
3,45936370849609
-0,0636767578125
-2,31150390625
4,07265207926432
1,20340985616048
-3,30097941080729
3,03997177124023
0,605999883015951
-1,88973175048828
0,706768938700358
0,739988632202148
-0,50238520304362
-0,944522838592529
-0,947192624409994
2,049501953125
-3,11892674763997
-1,44399113972982
1,68827611287435
-2,0762217203776
-1,32950373331706
1,32948379516602
-0,194390716552734
-0,481435559590658
0,789875475565592
1,63322397867839
-0,414238433837891
0,41144053141276
1,60434982299805
-0,506186065673828
-0,585550028483073
1,13530339558919
-2,39564280192057
-1,60311731974284
0,780307210286458
-3,11315928141276
-1,77883448282878
1,04232864379883
-1,83599024454753
-1,69065836588542
0,481643206278483
-1,28148648579915
-1,27437759399414
0,285272687276204
-0,6130304590861
-0,860274149576823
0,0770883576075236
-0,251722545623779
-0,611021919250488
-0,0708657185236613
-0,174109306335449
-0,392624994913737
-0,120808610916138
-0,19569216410319
-0,282014249165853
-0,101165161132813
-0,253147926330566
-0,16777400970459
-0,0990100256601969
-0,242226645151774
-0,0287628730138143
-0,112591336568197
-0,232233142852783
0,0829533036549886
-0,178870522181193
-0,157372341156006
0,117247308095296
-0,2146315574646
0
0
0
0
0
0
1
0
0
0
