0,315431187947591
0,051010197798411
-0,864604670206706
0,276399955749512
0,0852090422312419
-0,873523915608724
0,256706403096517
0,0748614565531413
-0,842565155029297
0,257461675008138
0,124370152155558
-0,86766591389974
0,132421445846558
0,170796349843343
-0,865514551798503
0,0397702312469482
0,181598656972249
-0,870019887288411
-0,0455093582471212
0,313025728861491
-0,975029144287109
-0,0335714435577393
0,206053460439046
-0,883164520263672
-0,0262144390741984
0,301706873575846
-0,560415674845378
1,30118356068929
0,031785634358724
1,52573821385702
-1,06880025227865
-0,22097401936849
5,42498982747396
-0,345649108886719
0,474912821451823
4,07661590576172
0,926283137003581
-0,0458401616414388
2,369541015625
0,873229675292969
0,162140029271444
1,7786442565918
1,22905479431152
0,473063723246257
-1,49476946512858
0,290147997538249
1,85413548787435
-3,62436299641927
-0,136327196756999
0,372402572631836
-2,35466084798177
-0,459365049997966
0,339094390869141
-1,9811967976888
-0,496170145670573
0,274328759511312
-1,1126503499349
-0,307881196339925
0,0813015302022298
-0,361241893768311
-0,17790454864502
0,0280518023173014
0,061790771484375
-2,0818327331543
-1,62542668660482
-0,239921480814616
-2,61221908569336
-1,48288553873698
0,540860710144043
-1,76947687784831
-1,55050735473633
0,103255977630615
-1,29887481689453
-1,15202219645182
-0,130558392206828
-0,848510157267253
-0,882266489664714
-0,143235019048055
-0,538397229512533
-0,637531878153483
-0,1734414990743
-0,333668244679769
-0,586258405049642
-0,122334534327189
-0,301368770599365
-0,521305669148763
-0,0577110401789347
-0,298856582641602
-0,449541854858398
-0,0278921421368917
-0,24180472056071
-0,389100189208984
-0,0874980115890503
-0,0613141791025798
-0,173487571080526
-0,151566470464071
0,115788008371989
-0,0304059795538584
-0,181533069610596
0
0
0
0
0
0
1
0
0
0
