0,165672273635864
0,787606353759766
-1,08208709716797
-0,00067262331644694
0,735031305948893
-1,02227177937826
-0,0630490684509277
0,663226445515951
-0,899432957967122
0,109777890841166
0,68431271870931
-0,895892155965169
0,251238091786702
0,899787521362305
-1,06823554992676
0,326375064849854
1,12592633565267
-1,16449203491211
0,310515619913737
0,95413210550944
-1,17570732116699
0,155756988525391
0,693960571289063
-1,05625783284505
0,162726656595866
0,523780326843262
-0,792496744791667
0,592094656626384
0,815926284790039
1,34806772867839
2,4117163848877
-0,193665250142415
3,92296539306641
4,00283782958984
-1,93580688476562
5,35508758544922
-0,274171142578125
-2,34002380371094
7,11850158691406
-1,3022038269043
0,0256596883138021
3,57281117757161
-0,360159772237142
-0,633235600789388
1,60683074951172
0,0311506589253743
-0,391693007151286
-0,0761835479736329
-0,164123509724935
0,129069684346517
-3,36098795572917
-0,685924708048503
0,421458409627279
-3,07935190836589
-1,50655614217122
-0,747204818725586
-1,90285191853841
-0,93976936340332
-1,02190915425618
-0,721676127115885
-0,223280067443848
-2,03829376220703
0,871287943522135
-0,635762672424316
-1,18402893066406
1,96808926900228
-0,742549870808919
-0,93010487874349
1,88001424153646
-3,61203623453776
-1,61936917622884
2,2346598815918
-2,88282363891602
-1,80629020690918
0,769542528788249
-0,916794001261393
-0,773090286254883
-0,194048404693604
-0,180490938822428
-0,237210712432861
-0,510166931152344
0,103830251693726
0,15695507367452
-0,591158142089844
0,0628611977895101
0,384161796569824
-0,447883491516113
-0,107420438130697
0,329379056294759
-0,233500811258952
-0,151437368392944
0,230824406941732
-0,166690692901611
-0,160245768229167
0,215386816660563
-0,183648471832275
-0,133693199157715
0,30001823425293
-0,201618493398031
-1
-1
-1
-1
-1
-1
1
-1
-1
-1