0,0822932434082031
-0,0923709408442179
-0,087344331741333
0,0563605006535848
-0,0569976035753886
-0,0977882353464762
0,108120295206706
0,0171295817693075
-0,148740752538045
0,130672203699748
0,108243722915649
-0,158675578435262
0,250936578114827
0,225987377166748
-0,233665358225505
0,220336980819702
0,164439481099447
-0,364362767537435
0,0695878918965658
-0,25044295946757
-0,275217653910319
0,102707303365072
-0,389165509541829
-0,193240331013997
0,157224969863892
-0,317772979736328
0,183470522562663
0,0942570304870605
0,263950729370117
1,80318117777507
0,0942570304870605
0,566311798095703
2,95850321451823
0,316514371236165
0,566311798095703
2,81627614339193
0,36026237487793
-0,275177001953125
1,21084162394206
0,617116305033366
-1,36696197509766
0,753565495808919
1,03918217976888
-1,06293281555176
-0,809321034749349
-0,42983896891276
1,32589472452799
-2,60091603597005
-1,42053456624349
-1,04575403849284
-1,57641443888346
-1,23733472188314
-2,25144068400065
-1,21036287943522
-0,898683420817057
-1,6973176574707
-0,895210545857747
-0,719733683268229
-1,24092730204264
-0,593529726664225
-0,419655412038167
-0,412759170532227
0,0376794306437174
0,0885585784912109
0,218953113555908
0,353668320973714
-2,70528106689453
-0,158869222005208
0,591577892303467
-1,81623911539714
-1,54564168294271
0,613484547932943
-1,2629093170166
-1,26686429341634
0,319719390869141
-0,84319590250651
-1,0076215616862
0,157458969751994
-0,637162946065267
-0,836705474853516
0,076178625424703
-0,437984479268392
-0,633302090962728
0,0560677258173625
-0,208513361612956
-0,60561102549235
0,0473492058118184
-0,0744726943969727
-0,496657625834147
-0,00653411189715068
0,035663579305013
-0,398176968892415
-0,0494908690452576
0,0533820724487305
-0,215109462738037
-0,102747605641683
0,0229425398508708
-0,288322633107503
-0,0967461204528808
-1
-1
-1
-1
-1
-1
1
-1
-1
-1