0,215497964223226
0,19508108774821
-0,14762832959493
0,135953855514526
0,149175573984782
-0,186154295603434
0,0398174413045247
0,0741475296020508
-0,144280649820964
0,0289939634005229
0,0621205838521322
-0,0711057980855306
0,0997861750920613
0,235645306905111
-0,0421179040273031
0,109996569951375
0,279950396219889
-0,059848116238912
0,0037464173634847
0,267803376515706
-0,0713379176457723
-0,0888821951548259
0,164054276148478
-0,110274820327759
-0,194168039957682
-0,0259008948008219
-0,25970827738444
-0,45940850575765
-0,654397551218669
-1,70477624257406
-0,624971402486165
-0,798437856038412
-2,19424916585286
-0,380365524291992
-0,318213672637939
-1,81521947224935
0,444207299550374
1,76917704264323
-0,426902287801107
1,13535942077637
1,13690979003906
1,90205856323242
1,15617797851562
-1,79988474527995
3,72812622070313
0,568942406972249
-2,32265299479167
2,54924875895182
0,277288290659587
-1,51915384928385
1,23956512451172
0,149210341771444
-1,53093221028646
0,918412780761719
0,120776062011719
-1,93437108357747
0,18031852722168
0,833513120015462
-3,41000935872396
-0,156568438212077
0,622882881164551
-0,908114369710286
0,434861030578613
0,60157725016276
-0,483098862965902
0,284972343444824
0,637599538167318
0,148390502929688
-0,0311445426940918
0,73318000793457
-0,39037727355957
-0,820658810933431
-0,623338305155436
-1,83193435668945
-2,06972569783529
-0,856928583780925
-1,60202641805013
-1,45430498758952
-0,759135373433431
-1,17061828613281
-0,981193542480469
-0,485734507242839
-0,740043411254883
-0,839457372029622
-0,605399729410807
-0,680180257161458
-0,603807907104492
-0,809199956258138
-0,755970408121745
-0,371006571451823
-0,834818547566732
-0,698050994873047
-0,298817761739095
-0,691105130513509
-0,533213526407878
-0,255840021769206
-0,521563339233398
-0,357960154215495
-0,197226123809814
-1
-1
1
-1
-1
-1
-1
-1
-1
-1