-0,0289626256624858
-0,101997162501017
0,0059736442565918
-0,0226898034413656
-0,101293567021688
-0,0443562491734823
-0,0231571165720622
-0,0734102884928386
-0,0370195412635803
-0,0349618109067281
-0,0626869217554728
-0,0265157167116801
-0,0749848715464274
-0,110068550109863
-0,0444896984100342
-0,16370148340861
-0,183321418762207
-0,105816531181335
-0,194445476531982
-0,345255076090495
-0,230976912180583
-0,244274120330811
-0,578645337422689
-0,341124668121338
-0,236640466054281
-0,808087285359701
-0,70080088297526
-0,0635588582356771
-0,199263127644857
-1,35621706644694
-0,124061425526937
0,408665199279785
-1,39421300252279
0,474210211435954
2,21827696482341
-0,971007334391276
1,47305610656738
3,66861338297526
-0,548332036336263
2,13022857666016
1,24835464477539
0,724511184692383
2,39163930257161
-0,550037943522135
2,5165879313151
1,28275019327799
-2,07312413533529
2,49919993082682
0,239873059590658
-1,96589564005534
1,67276039123535
-0,374203834533691
-3,92041798909505
0,890759684244792
0,017135747273763
-4,78560750325521
0,312166290283203
1,04176452636719
-2,88934407552083
-0,694350547790527
1,03941248575846
-1,0577121480306
-0,34454397837321
1,90080235799154
-0,0863082567850749
-0,827179260253906
1,34910929361979
-0,935500526428223
-2,33397155761719
-0,542560831705729
-2,60358062744141
1,42549474080404
-3,98868581136068
-2,74556940714518
1,83076581319173
-1,46234598795573
-1,65680775960286
0,538147417704264
-0,856581649780273
-1,27500124613444
0,188695287704468
-0,543676160176595
-0,828752161661784
-0,00302157004674276
-0,488917694091797
-0,859657287597656
0,0536657361189524
-0,683878428141276
-0,941130294799805
0,182212947209676
-0,698483810424805
-0,893488311767578
0,320938733418783
-0,453783683776855
-0,687453142801921
0,295082251230876
-0,213774547576904
-0,431953328450521
0,0957228787740072
-1
-1
1
-1
-1
-1
-1
-1
-1
-1