-0,0505847517649333
0,0814162715276082
-0,575987332661947
-0,102077048619588
-0,0458300423622131
-0,517758305867513
-0,10379542350769
-0,0867208194732666
-0,683148307800293
-0,0821506182352702
-0,0468012269337972
-0,832112884521484
-0,0535139624277751
0,182266346613566
-0,87091796875
0,0829727466901143
0,366259854634603
-0,855856399536133
0,303306325276693
0,450686785380046
-0,785029754638672
0,456717173258464
0,679142786661784
-0,47118647257487
0,668718516031901
0,973291778564453
-0,047141596476237
0,737972259521484
1,15392771402995
0,925245780944824
0,0836677932739258
0,98804941813151
2,00682189941406
0,0336370213826497
0,643656539916992
1,93706319173177
-0,0503794415791829
0,169401626586914
1,68132410685221
-0,135272296269735
-0,24803539276123
1,37430257161458
-0,121514126459757
-0,698005727132161
1,09306861877441
-0,132624893188477
-0,848285751342773
0,85900639851888
0,0934510771433512
-0,809461441040039
0,429487959543864
0,286664810180664
-0,549178632100423
0,208862539927165
0,535986976623535
-0,322280985514323
0,118056624730428
0,646160659790039
-0,124480535189311
-0,00310005903244018
0,386090151468913
1,7439738591512
-0,246242685317993
-0,0107177607218424
1,58837214152018
0,00401576360066732
-2,85530522664388
-0,572510795593262
0,702823286056518
-2,43130869547526
-1,10417055765788
0,745178120930989
-1,71891662597656
-0,99394900004069
0,360522804260254
-1,23309720357259
-0,787665634155273
0,0631838337580363
-1,00358495076497
-0,655308418273926
-0,0314117685953776
-0,804638671875
-0,531127738952637
-0,0235812334219615
-0,561961390177409
-0,344275868733724
-0,00485947589079539
-0,36618776957194
-0,216741898854574
-0,0230818323294322
-0,265052547454834
-0,141864735285441
-0,0463664356867472
-0,215164337158203
-0,152873137791951
-0,0333543888727824
-0,175714995066325
-0,204796574910482
-0,0492202242215474
-1
-1
1
-1
-1
-1
-1
-1
-1
-1