-0,285390485127767
0,0435264380772909
0,0262758413950602
-0,309701747894287
-0,0197840166091919
-0,104583253065745
-0,296010265350342
-0,171947711308797
-0,269817441304525
-0,267087523142497
-0,308799686431885
-0,32551082611084
-0,220226802825928
-0,359526240030924
-0,400380592346191
-0,053188042640686
-0,203625504175822
-0,740186080932617
0,197616120974223
-0,0371252346038818
-0,987124176025391
0,32940601348877
0,101293217341105
-1,04568733215332
0,491930249532064
0,294483019510905
-0,753868560791016
1,25987808227539
1,24704097747803
0,520268885294596
0,754236157735189
0,695394566853841
2,05040242513021
0,365942064921061
0,641351496378581
2,13294158935547
0,317027231852214
0,641014607747396
1,9070051574707
0,183224843343099
0,469293657938639
1,86358367919922
-0,0722359339396159
0,1665465259552
1,69993087768555
-0,0670385710398356
-0,269023631413778
1,39575042724609
-0,105959873199463
-0,580868835449219
1,12234163920085
-0,0879599889119466
-0,829740447998047
0,827033309936523
0,0347021659215291
-1,02612098693848
0,412491048177083
0,212446622848511
-0,901001129150391
0,0198372157414754
0,408023160298665
-0,587256393432617
-0,0683788267771403
0,594770342508952
-0,37687557220459
-0,0723803043365479
0,742877985636393
-0,329285297393799
-0,0348818810780843
0,769780527750651
-0,168351244926453
-0,0206520160039266
0,680659561157226
0,0341454855600993
-0,101631952921549
0,534901224772135
1,11455744425456
-0,182917060852051
-0,0025345230102539
0,649792963663737
-0,0336212428410848
-2,92564514160156
-1,99975351969401
0,454323476155599
-2,46315872192383
-1,78702234903971
0,434799499511719
-1,74487614949544
-1,40002370198568
0,270504347483317
-1,13960362752279
-0,906403299967448
-0,013771915435791
-0,737834803263346
-0,667929662068685
-0,111244106292725
-0,666791661580404
-0,568753026326497
-0,109989417394002
-1
-1
1
-1
-1
-1
-1
-1
-1
-1