-0,469356829325358
0,0314227930704753
0,16262487411499
-0,364013398488363
-0,038075840473175
0,160578505198161
-0,152847372690837
-0,0115480788548787
0,110709608395894
-0,17558871905009
-0,0376462761561076
0,0235298148790995
-0,246492970784505
-0,117746152877808
-0,0576230653127034
-0,204955495198568
-0,260444717407227
-0,393982632954915
-0,196079254150391
-0,435714861551921
-0,801593805948893
-0,186227207183838
-0,456107114156087
-0,921376164754232
-0,0932496802012126
-0,133199329376221
-0,683884811401367
1,5723734664917
1,59417343775431
-0,381941725413004
0,680433794657389
2,4137678527832
3,37920771280925
0,447323671976725
1,25090942382812
3,57373962402344
0,421863059997559
-1,93501462300618
0,603189926147461
-0,177059338887533
-3,3672450764974
0,824675076802572
-0,155834528605143
-3,36674112955729
-0,732485911051432
1,49097900390625
-3,04058319091797
-0,653525568644206
1,01248202006022
-0,780494435628255
0,347461306254069
0,639149398803711
2,51909194946289
-0,0858456166585286
0,711059977213542
1,81497497558594
-1,46014684041341
-2,56869043986003
-0,0705548477172851
0,104830423990885
-2,84509775797526
-1,24846338907878
0,405886688232422
-2,15658040364583
-0,839629313151042
0,11430051167806
-1,8674668375651
-0,811224009195964
0,172351128260295
-1,37199239095052
-0,610658238728841
0,0846375131607056
-0,943223698933919
-0,420874633789062
0,0796000528335571
-0,765076090494792
-0,279880720774333
0,07382302125295
-0,574100914001465
-0,154989926020304
0,058102703889211
-0,363630186716716
-0,0737966028849284
-0,0592864298820496
-0,186813055674235
-0,00288813591003418
-0,236632308959961
-0,0736289437611898
0,0610455926259359
-0,341845461527507
-0,172263291676839
0,0761692794164022
-0,273432458241781
-0,200287602742513
0,0494345959027608
-0,197828509012858
-0,117948802312215
0,0228465684254964
-0,156669864654541
-1
-1
1
-1
-1
-1
-1
-1
-1
-1