0,319907754262288
0,241476109822591
-0,132605832417806
0,311001803080241
0,283494338989258
-0,0893604898452759
0,378249727884928
0,332346324920654
-0,0718500566482544
0,426538798014323
0,367937088012695
-0,0837066141764323
0,328197377522786
0,416343688964844
-0,0618905433019002
0,20819133122762
0,683278071085612
0,00553357680638631
0,222383359273275
0,896189753214518
-0,225138870875041
0,0649049917856852
0,906583150227865
-0,440734786987305
-0,225168838500977
0,659177474975586
-0,467713928222656
-0,284733810424805
-0,230474026997884
-1,91025390625
-0,322582937876383
-0,717363459269206
-1,17526992797852
-0,175918814341227
-0,333082536061605
-1,10309265136719
0,121067263285319
0,0802209631601969
-1,01781689961751
0,983369700113932
1,87474216461182
1,3310863494873
1,13940399169922
1,95558789571126
2,80035186767578
0,0668852869669596
0,156818962097168
2,15891825358073
0,296398677825928
-2,25944931030273
-0,246984837849935
0,224516944885254
-2,82929601033529
0,701368681589762
-0,446457913716634
-2,58114939371745
1,04634284973145
-0,485169957478841
-2,17755518595378
0,56331537882487
-0,00327972094217936
-1,71917246500651
0,331205883026123
0,527437489827474
1,02430821736654
-0,119226252237956
-0,425954666137695
1,17237391153971
-1,33219518025716
-1,92276575724284
0,104429677327474
1,99898869832357
-1,64213877360026
-0,137484884262085
2,00453659057617
-1,37331868489583
-0,177666489283244
1,30788569132487
-1,37363723754883
-0,404917831420898
0,961295928955078
-1,27127179463704
-0,542082748413086
0,62712454477946
-1,01933214823405
-0,483740323384603
0,400471725463867
-0,745781275431315
-0,347257537841797
0,29156494140625
-0,476729532877604
-0,291763655344645
0,222117710113525
-0,290623550415039
-0,246530068715413
0,0884048446019491
-0,151678117116292
-0,18570520401001
-0,0257628687222799
0
0
1
0
0
0
0
0
0
0
