-0,0692492945988973
0,0708444420496623
0,29362034479777
-0,19193169593811
0,00452372034390767
0,377640075683594
-0,21494587580363
-0,0102820781866709
0,398485336303711
-0,167997411092122
0,0179226793845495
0,312897548675537
-0,160785026550293
0,172172714869181
0,265808982849121
-0,0670281219482422
0,340348854064941
0,0330674489339193
-0,173374344507853
0,34128630956014
-0,0886947536468506
-0,197679398854574
0,186688747406006
-0,230928630828857
-0,173140430450439
0,105128103892008
-0,529465662638346
1,58141781171163
0,0776954587300619
-0,283521556854248
2,40645284016927
0,691709175109863
2,90102121988932
0,496674143473307
0,0259758758544922
2,39078267415365
0,517952512105306
-1,7444175974528
0,45166987101237
1,34756523132324
-4,29339904785156
1,66296005249023
-0,526002248128255
-4,17114990234375
1,4023540242513
2,72305033365885
-0,619826431274414
-1,49661946614583
2,60971272786458
1,09860295613607
-1,66052393595378
-0,0257310994466147
-0,519519704182943
2,01767201741536
-4,65957916259766
-1,57712455749512
1,06105374654134
0,691024087270101
-0,155605392456055
-0,900441436767578
1,53516448974609
0,906265818277995
-2,05280456542969
0,401527010599772
0,789334538777669
-1,68187642415365
-0,0948100789388021
0,459250284830729
-1,22655420939128
-0,136026121775309
0,305326169331869
-0,753247375488281
-0,0670326280593872
0,27523317972819
-0,447639198303223
0,0330627981821696
0,334140669504801
-0,371732711791992
0,0604230093955994
0,362427520751953
-0,313129405975342
-0,0657272267341614
0,2913924853007
-0,27648780186971
-0,127562869389852
0,187873039245605
-0,242128766377767
-0,0855986531575521
0,107942771911621
-0,25246145884196
-0,228568522135417
-0,0065405543645223
-0,214078102111816
-0,37963144938151
-0,0854326311747233
-0,129717728296916
-0,304817771911621
-0,0898597908020019
-0,107582759857178
0
0
1
0
0
0
0
0
0
0
