-0,0306220149993896
-0,0151039640108744
-0,792244669596354
-0,0620516268412272
-0,021110405921936
-0,800558242797852
0,0174268182118734
-0,100781567891439
-0,796274490356445
0,108402276039124
-0,0618405357996623
-0,731534550984701
0,221633605957031
-0,0059648060798645
-0,628635787963867
0,281229362487793
0,121701726913452
-0,548174006144206
0,364429512023926
0,261531473795573
-0,452050908406576
0,581896527608236
0,211845073699951
-0,201076141993205
0,70940621693929
0,28853759765625
0,19095362663269
0,576939900716146
0,729955774943034
1,69634671529134
0,401842651367188
0,304885609944661
1,92166188557943
0,175989405314128
-0,639552917480469
2,98457946777344
-0,26689624786377
-0,943669815063477
1,54612335205078
-0,193430493672689
-0,856188481648763
1,16927241007487
-0,401726061503092
-0,85593879699707
1,01923856099447
-0,490671424865723
-0,940704243977864
0,753033485412598
-0,463803469340007
-0,962931722005208
0,528915176391601
-0,347942644755046
-0,871013692220052
0,455965614318848
-0,267626094818115
-0,825506413777669
0,333422069549561
0,00489515701929728
-0,667651952107747
-0,0401717821756999
0,151974194844564
-0,408727645874023
-0,310168387095133
0,312915865580241
-0,353698399861654
-0,29786304473877
0,513587748209635
-0,40158447265625
-0,148415079116821
0,608247210184733
-0,588644358317057
0,292743978500366
0,539780286153158
-0,576957219441732
0,416534411112467
0,453464215596517
-0,424071388244629
0,270714550018311
0,382967440287272
0,0210027758280436
0,0415300528208415
0,438715095520019
0,544309794108073
-0,309971071879069
0,413435885111491
0,721562220255534
-0,682010777791341
-0,968998889923096
-0,22476043065389
0,183157698313395
-2,44898829142253
-1,22150934855143
0,633410059611003
-1,38793169657389
-0,699170659383138
-0,000254138310750326
-0,751062189737956
-0,327156448364258
-0,0556421438852946
0
0
1
0
0
0
0
0
0
0
