0,0104347623387973
0,142407336235046
-0,198812316258748
-0,0374811216195424
0,0110715007781982
-0,399118537902832
-0,0719738515218099
-0,1148841381073
-0,515142834981283
-0,0423738662401835
-0,201291427612305
-0,725212465922038
-0,0293341064453125
-0,216129061381022
-0,795836919148763
0,0328916875521342
-0,141152817408244
-0,784888051350912
0,0756271934509277
0,158915227254232
-0,674440129597982
0,254328002929687
0,511683591206868
-0,656698633829753
0,38147346496582
0,75746457417806
-0,533268191019694
1,09852077484131
1,80143460591634
0,502641448974609
0,954832204182943
1,45575480143229
2,08532549540202
0,327877922058105
-0,161431318918864
2,28673197428385
0,342389678955078
-0,0600395011901856
2,03140787760417
0,363556467692057
-0,0782575416564941
1,92642237345378
0,119392580986023
-0,172182235717773
1,78533432006836
-0,014746976296107
-0,48101754506429
1,46114044189453
-0,0976605494817098
-0,649413617451986
1,07081349690755
-0,149364163080851
-0,543104769388835
0,597933019002279
-0,0792964633305868
-0,476470235188802
0,116189403533936
0,00657412846883138
-0,298834711710612
-0,0699376996358236
0,132310460408529
-0,203518619537354
-0,0199024271965027
0,392230580647786
-0,182325852711995
0,0272375249862671
0,548545277913411
-0,177432028452555
0,0729686768849691
0,599770050048828
-0,256123644510905
0,0725580072402954
0,572530721028646
-0,172737054824829
-0,0754602591196696
0,644339892069499
0,110456355412801
-0,120870037078857
1,20283892313639
0,538867950439453
-0,933404903411865
0,674434229532878
0,361205635070801
-1,00817031860352
-2,58721450805664
-1,77203531901042
-0,497551523844401
-2,28346776326497
-1,80363693237305
-1,002736231486
-1,87881800333659
-1,63429026285807
-0,837544504801432
-1,22935356140137
-1,24423021952311
-0,721099548339844
-0,86036730448405
-0,915244649251302
-0,577067616780599
-1
-1
1
-1
-1
-1
-1
-1
-1
-1