-0,23151876449585
-0,841526896158854
-0,47550173441569
-0,241366335550944
-0,92181526184082
-0,476108779907227
-0,116345132191976
-0,690934702555338
-0,747589569091797
-0,0697012249628703
-0,461790733337402
-0,789146423339844
0,0118068345387777
-0,176564826965332
-0,781292394002279
0,206958656311035
0,217184041341146
-0,798300069173177
0,433126207987468
0,407793235778809
-0,659477106730143
0,586522954305013
0,638857116699219
-0,335467147827148
0,852751719156901
0,716794891357422
0,105730908711751
1,0107243347168
0,499428405761719
2,01415311177572
-0,130725758870443
1,16651405334473
1,55592786153158
-0,687555694580078
1,91502690633138
0,448000081380208
-0,589854977925618
1,2351649983724
0,40711550394694
-0,496509628295898
0,45168129603068
0,343311233520508
-0,502875073750814
0,154388162295024
-0,0269196796417236
-0,201862150828044
0,0754451862970988
-0,27500457127889
-0,136396884918213
0,0865675481160482
-0,159192043940226
0,00778413772583008
-0,000351371765136719
-0,207977835337321
0,404012018839518
1,11425079345703
-0,404264272054036
0,603458442687988
1,0119873046875
-0,445208180745443
0,631279678344727
2,01351366678874
-0,587521959940592
1,07763539632161
1,1536331431071
-1,25460894266764
-2,32312779744466
-2,1320453898112
2,70520095825195
-4,45303039550781
-2,99461201985677
0,744481328328451
-1,70143717447917
-1,44725341796875
-0,437843691507975
-0,78463872273763
-0,735367889404297
-0,532896817525228
-0,133251628875732
-0,239709294637044
-0,626642672220866
-0,110242678324382
-0,216523977915446
-0,463256174723307
-0,33835111618042
-0,303373743693034
-0,230293337504069
-0,320162353515625
-0,249430898030599
-0,112956771850586
-0,122316487630208
-0,15307741800944
-0,114746103286743
-0,111152019500732
-0,140334434509277
-0,115833838780721
-0,216539656321208
-0,190037492116292
-0,081849939028422
-1
-1
1
-1
-1
-1
-1
-1
-1
-1