0,722090047200521
0,537728335062663
-0,288469270070394
0,597597783406576
0,430954818725586
-0,227183678944906
0,499960467020671
0,369830004374186
-0,176610438028971
0,473960825602213
0,31654535929362
-0,110182962417603
0,629460461934408
0,465619112650553
-0,0855970509847005
0,86679448445638
0,602812779744466
-0,170567960739136
0,493778457641602
0,510568300882975
-0,101093064943949
0,288458633422852
0,269430516560872
-0,14641100247701
0,167705904642741
-0,00543036778767903
-0,287480735778809
-0,145920314788818
1,0735833867391
-1,70551617940267
-0,0538417847951253
1,4656391398112
-2,22167724609375
0,0359104506174723
1,19225992838542
-1,90276997884115
0,200093587239583
1,1432640838623
-1,61337661743164
0,527959899902344
1,1663599395752
-1,24794013977051
0,631047948201497
1,19323687235514
-0,495675004323324
0,822400945027669
1,23728958129883
0,0845135434468587
0,707695871988932
1,37268717447917
1,04855407714844
-0,596834131876628
0,0147349548339844
1,81122009277344
-0,424292640686035
-0,256804062525431
1,37112467447917
-0,465078608194987
-1,77328772226969
1,00120778401693
0,159845002492269
-2,39756774902344
-0,236576067606608
0,594075291951497
-2,05683288574219
0,15423412322998
0,622776934305827
-1,54932144165039
0,192632439931234
0,866710408528646
0,133359527587891
-0,160398926734924
0,998482513427735
2,47412089029948
-0,945288060506185
0,85051139831543
1,99085291544596
-1,1405214436849
-3,61544993082682
-1,71832122802734
-0,10021790822347
-3,17633443196615
-1,35892916361491
-0,0651654942830404
-1,58502085367839
-0,921902516682943
-0,0446342992782593
-0,800719121297201
-0,478476308186849
-0,394503231048584
-0,616017659505208
-0,343589706420898
-0,416058158874512
-0,72778450012207
-0,362999102274577
-0,207588481903076
-0,565664380391439
-0,280909729003906
-0,113546314239502
0
0
1
0
0
0
0
0
0
0
