0,0995265404383342
0,228539644877116
-0,121743920644124
0,132653665542603
0,224783198038737
-0,117350034713745
0,0987898540496826
0,187075316111247
-0,0631911516189575
0,11866584777832
0,203643430074056
-0,0516743771235148
0,206436157226563
0,232734368642171
-0,0808877658843994
0,217029291788737
0,230513426462809
-0,0868795299530029
0,188392626444499
0,230500151316325
-0,0852064800262451
0,248007869720459
0,264986152648926
-0,0661609665552775
0,458006744384766
0,373673515319824
-0,0610230000813802
0,2671457862854
1,58756445566813
-0,392715250651042
-0,0797447967529297
1,75723266601563
-0,349497013092041
-0,152875289916992
1,21454119364421
-0,380708408355713
-0,173025983174642
0,678203659057617
-0,583641242980957
-0,243857148488363
0,324527130126953
-0,621527900695801
-0,250928414662679
0,0411471525828044
-0,71813471476237
-0,19308277130127
0,0310331217447917
-0,828147354125977
-0,0963897132873535
0,415483887990316
-0,777090174357096
0,206756909688314
0,73062754313151
-0,614418907165527
0,541139767964681
0,730558268229167
-0,271456772486369
1,08823211669922
1,75867914835612
2,00701110839844
1,03963045756022
1,68761723836263
2,22747812906901
0,913532333374024
1,24393582661947
2,1234228515625
0,616371078491211
0,865648371378581
1,84030232747396
0,347513879140218
0,255522257486979
1,56526728312174
-0,0373735268910726
-0,890934664408366
0,397037620544434
-0,0428206046422323
-1,31140767415365
-0,11882076104482
0,0982027419408162
-1,19578236897786
-0,0535009590784709
0,321141872406006
-0,888893229166667
-0,0222075541814168
0,550130144755046
-0,354896876017253
-0,0779987939198812
0,722281112670898
0,126263516743978
-0,23960724512736
0,751944122314453
0,320484422047933
-0,400268681844075
0,486022555033366
0,121512088775635
-0,47574099222819
-0,0676980845133463
-0,301437473297119
-0,330720863342285
-1
-1
1
-1
-1
-1
-1
-1
-1
-1