-0,0871696265538534
0,239276828765869
-0,197097829182943
-0,229334494272868
0,123152561187744
-0,23913543065389
-0,261306368509928
-0,0476877808570862
-0,537318903605143
-0,242500578562419
-0,183259773254394
-0,726656926472982
-0,165742047627767
-0,2292977587382
-0,837267074584961
0,0251315482457479
-0,154221467971802
-0,988085962931315
0,270234883626302
0,136720050175985
-1,07327850341797
0,581826477050781
0,152250150044759
-0,93076665242513
0,698090642293294
0,490028228759766
0,365825653076172
0,759615325927734
1,02593811035156
2,60646998087565
-0,0488099416097005
0,638309478759766
2,66380650838216
-0,113214441935221
0,454388936360677
2,17979385375977
-0,151412442525228
0,0702227401733398
1,88027262369792
-0,281345933278402
-0,484724241892497
1,61183008829753
-0,0711499532063802
-1,80947521209717
0,615636316935221
-0,863360646565755
-1,80979548136393
-0,251822153727214
0,366695378621419
-1,52850524902344
-0,736525281270345
2,06652109781901
-0,91250254313151
-1,292586034139
1,70144612630208
-0,704061482747396
-0,891564966837565
1,63574137369792
-0,408841050465902
-0,828914082845052
1,47134923299154
-0,141071192423503
-0,686005986531576
-2,52817143758138
-2,20648813883464
2,0517768351237
-3,82631266276042
-2,17628819783529
0,259157053629557
-0,64511713663737
-1,05944023132324
-0,369379615783691
-0,115005373954773
-0,703148371378581
-0,706407750447591
-0,0509316571553548
-0,497171045939128
-0,785217259724935
-0,318129755655924
-0,574751281738281
-0,493776524861654
-0,662812347412109
-0,657921676635742
-0,213502429326375
-0,631744766235352
-0,599929936726888
-0,0435061637560527
-0,355885079701741
-0,454301605224609
-0,0280880498886108
-0,319159094492594
-0,523747227986654
0,03327303647995
-0,416069526672363
-0,709125849405924
0,0593907817204793
-0,395744234720866
-0,687639821370443
0,0498482338587443
-1
-1
1
-1
-1
-1
-1
-1
-1
-1