-0,120971126556396
-0,0686353254318237
-0,0126155539353689
-0,104638373057048
-0,0651440827051799
-0,0150877612829208
-0,0766297101974487
-0,02706325451533
-0,0109474996725718
0,00130402485529582
0,0992954730987549
-0,020359312693278
0,147642822265625
0,217452201843262
-0,0526523558298747
0,089032948811849
0,220656897226969
-0,137688954671224
-0,146788082122803
0,17079478263855
-0,124680662155151
-0,189373772939046
0,175406147638957
-0,226663239796956
-0,285990289052327
0,20495719909668
-0,343530197143555
0,0710934893290202
-0,0354768625895182
-1,79566930135091
0,171510801315308
-0,147463219960531
-2,15507883707682
0,105073830286662
-0,0542747656504313
-1,73216659545898
0,0890896511077881
0,284748713175456
-1,33849746704102
0,420313936869303
0,583627459208171
-0,803290901184082
0,833385391235351
1,38244511922201
1,5683869934082
0,973615010579427
1,3477549235026
2,34443644205729
0,849171600341797
0,927831471761068
2,1028754679362
0,243066240946452
-0,583683840433757
1,59603525797526
-0,547850672403971
-2,25469670613607
0,793800633748372
-0,896252161661784
-2,41782669067383
0,680796648661296
-1,18370206197103
-2,24143102010091
0,198619950612386
2,07790756225586
0,72271842956543
-0,710940856933594
1,46297663370768
1,57620226542155
-0,0887079874674479
1,37220845540365
1,79186208089193
0,198070933024089
1,40036880493164
1,66378219604492
0,0836740986506144
-0,108114395141602
0,0831136576334636
0,373566629091899
-4,09294881184896
-2,27775304158529
0,320380948384603
-2,37313283284505
-1,01424163818359
-0,231777960459391
-0,741812082926432
-0,250574515660604
-0,334346211751302
-0,0187285041809082
0,0701878452301025
-0,530663375854492
0,328886578877767
0,197816454569499
-0,582642237345378
0,23381090482076
0,0938788493474324
-0,424038912455241
-0,0799887339274089
-0,0670877393086751
-0,241254170735677
-1
-1
1
-1
-1
-1
-1
-1
-1
-1