-0,0595484987894694
-0,793612289428711
-0,417983938852946
-0,0570704174041748
-0,902012430826823
-0,822201792399089
0,00948906580607096
-1,11654657999674
-0,944740117390951
0,121274070739746
-1,07977208455404
-0,993392918904622
0,223131923675537
-0,737734171549479
-1,06644859313965
0,282730147043864
-0,48291197458903
-0,842832743326823
0,400069160461426
-0,137075939178467
-0,593545672098796
0,529859263102214
0,34093500773112
-0,353993752797445
0,682882893880208
0,752613525390625
0,00255294799804688
0,795196177164713
0,795786743164063
2,10715744018555
0,763388379414876
0,015201416015625
3,45631713867187
-0,277160275777181
-1,38732875823975
1,2541810353597
-0,696226959228516
-1,6818776957194
0,0600257428487142
-0,700765914916992
-2,1607692972819
0,18099237759908
0,00730503082275391
-2,40042673746745
0,241031125386556
0,112048848470052
-2,86358113606771
-0,0697009150187174
0,573009624481201
-1,59023579915365
-1,86501861572266
0,337253589630127
-0,741006902058919
-1,3581968943278
0,523371302286784
-0,286874224344889
-0,981049270629883
0,630564206441243
-0,0877523454030355
-0,595000712076823
0,836196136474609
0,137616464296977
-0,272186749776204
0,943945821126302
0,40107240041097
-0,157128969828288
-1,43889737447103
0,520322901407878
-0,126969502766927
-2,55014841715495
-1,69489267985026
0,307862180074056
-2,15241048177083
-2,12712107340495
-0,0803765281041463
-1,92716761271159
-1,92648956298828
-0,130605325698853
-1,502216796875
-1,39443389892578
-0,243679211934408
-1,02252540588379
-0,86430165608724
-0,290314935048421
-0,719712702433268
-0,615900217692057
-0,191893399556478
-0,674386647542318
-0,688308436075846
-0,0367171621322632
-0,707437464396159
-0,788760884602865
0,0553814617792765
-0,525997950236003
-0,635899836222331
-0,007850554784139
-0,258144346872966
-0,336326796213786
-0,192955770492554
-1
-1
1
-1
-1
-1
-1
-1
-1
-1