0,062887970606486
0,241428604125977
-0,30091557820638
0,0336043453216553
0,255145626068115
-0,327276802062988
0,0415120951334635
0,286031099955241
-0,314220415751139
0,220585556030273
0,475305417378743
-0,276379388173421
0,459659576416016
0,759195760091146
-0,253846588134766
0,632020772298177
0,961432495117188
-0,411372318267822
0,342956301371256
0,861365102132161
-0,463740717569987
0,0910326385498047
0,523293113708496
-0,464511871337891
-0,0120082457860311
0,0684415054321289
-0,677808990478516
-0,517630325953166
-1,09357853571574
-1,71168502807617
-0,536159133911133
-1,15725524902344
-1,92009312947591
-0,147733122507731
-0,393068618774414
-1,63864247639974
0,539102309544881
0,488501987457275
-0,691526896158854
1,63652308146159
1,1054508972168
1,62581614176432
1,01534474690755
0,483125356038412
2,95983266194661
-1,32763819376628
0,0702151012420654
2,36545674641927
-0,484233646392822
-2,96396494547526
0,422899729410807
-0,103427772521973
-3,21128153483073
0,848792521158854
-0,932061614990234
-3,99910349527995
0,424944356282552
0,876554158528646
-4,08299631754557
-1,57661148071289
1,13414840698242
-1,41760009765625
-1,52361943562826
1,14762420654297
-1,0858056640625
-1,34950322469076
1,34611363728841
2,40847610473633
0,405201072692871
3,68376098632813
2,6754194132487
-0,961959635416667
-0,877440032958984
-0,135001735687256
-1,37316899617513
-3,48143564860026
-2,77229624430339
2,757177734375
-3,70498087565104
-2,68777521769206
1,03925931294759
-0,607138900756836
-0,717902590433756
-0,627064501444499
2,13315780639648
0,911461181640625
-1,78625259399414
1,51903620402018
0,858656692504883
-2,22384633382161
0,974006779988607
0,472691370646159
-1,49948081970215
0,333954296112061
0,154512631098429
-0,83303581237793
0,0343553976217906
0,0179863746960958
-0,554977060953776
-1
-1
1
-1
-1
-1
-1
-1
-1
-1