0,134642302195231
0,594744415283203
-0,128097718556722
0,126981503168742
0,469421399434408
-0,145671838124593
0,0164878455797831
0,344098834991455
-0,118125772476196
-0,029209528764089
0,180960343678792
-0,170369634628296
-0,0452850643793742
-0,00933831373850504
-0,335358632405599
-0,0698798179626465
-0,0480909474690755
-0,612364552815755
-0,0476651541392008
-0,273317209879557
-0,788916854858398
0,0506959342956543
-0,237337633768717
-0,945379842122396
0,322589155832926
0,211628789901733
-0,915928649902344
1,4719079208374
1,02854665120443
0,759995778401693
1,45973622639974
0,9171923828125
3,29924306233724
0,414786682128906
0,13332041422526
3,45423136393229
0,301656824747721
-1,93127227783203
1,31393934885661
0,346086044311523
-3,1096489461263
0,789826469421387
-0,297153040568034
-4,94113647460938
0,930222600301107
0,198146057128906
-4,1392685953776
0,481262118021647
0,494279174804688
-0,344931284586589
0,668021443684896
1,203251953125
1,7993212890625
-0,446594988505046
0,162842381795247
1,5434312693278
0,389516754150391
-0,149527196884155
1,26382535298665
0,529840545654297
-0,115271991093953
1,29624300638835
0,112574132283529
-3,96551895141602
-2,82527547200521
2,78739715576172
-4,37630620320638
-3,06723653157552
-0,732142715454101
-0,549535013834635
-1,02631439208984
-1,09834592183431
2,2026188659668
1,29551142374674
-1,33381876627604
1,91548055013021
1,16324989318848
-1,2631280263265
1,40986526489258
0,883970845540365
-0,987929890950521
0,763161926269531
0,580434366861979
-0,592524681091309
0,483013776143392
0,469336446126302
-0,390089670817057
0,356074937184652
0,331395212809245
-0,300391127268473
0,179962822596232
0,116063963572184
-0,304365094502767
0,165498520533244
0,0327843109766642
-0,243248360951742
0,165996675491333
0,112791330019633
-0,16832825978597
-1
-1
1
-1
-1
-1
-1
-1
-1
-1