0,281475772857666
0,488748842875163
-0,0831259743372599
0,200857874552409
0,36395575205485
-0,0367968471844991
0,178346761067708
0,108326450983683
-0,191896909077962
0,0570795905590057
-0,0879325615863005
-0,42037223815918
1,64924561977386E-05
-0,298106396993001
-0,635302416483561
-0,0198311901092529
-0,259910074869792
-0,73243044535319
0,0995048459370931
-0,100082257588704
-0,81375617980957
0,268578395843506
0,307589406967163
-0,783692830403646
0,50054448445638
0,639960581461589
-0,482346954345703
0,955123697916667
0,574011243184408
1,97659943262736
-0,300159098307292
0,642246030171712
3,65460805257161
0,29734712600708
-1,13162322998047
2,02671300252279
0,315570182800293
-2,23751472473145
1,3201687113444
-0,0993911361694336
-3,56104187011719
1,77699498494466
0,0235014851888021
-3,66768778483073
0,933901189168294
1,44551233927409
-2,37319203694661
-0,740162773132324
1,31296625773112
-1,48056190490723
-0,971778895060221
1,0397523244222
1,22760655721029
-0,924460245768229
0,89742790222168
2,03680450439453
-0,723562393188477
0,691747055053711
1,36671539306641
-0,658032251993815
0,0604431788126628
0,74314826965332
-0,425077768961589
-0,517302335103353
0,29888796488444
-0,386948165893555
-0,699446716308594
0,153251482645671
-0,42947566986084
-0,625060081481934
0,156687771479289
-0,442429224650065
-0,451037127176921
0,112616939544678
-0,46391674041748
-0,291993967692057
0,146261510848999
-0,431470235188802
-0,129802541732788
0,176998087565104
-0,288386173248291
-0,117643022537231
0,148562485376994
-0,177033100128174
-0,231517187754313
0,074760586420695
-0,133386294047038
-0,257261015574137
0,00601696173350016
-0,14156875928243
-0,156041208902995
0,0495292262236277
-0,230835444132487
0,0425368054707845
0,162902851104736
-0,253457609812419
0,109237483342489
0,179739576975505
-0,231333745320638
-1
-1
1
-1
-1
-1
-1
-1
-1
-1