-4,40549850463867E-05
0,580229072570801
-0,265752296447754
-0,00589293758074443
0,638263231913249
-0,284733982086182
-0,07986199537913
0,799548467000326
-0,238838405609131
-0,220134811401367
0,792952423095703
-0,104171322186788
-0,327234967549642
0,664076614379883
0,00458494186401367
-0,366195602416992
0,610244280497233
0,0190170057614644
-0,330946044921875
0,707517598470052
0,0251060469945272
-0,0703104782104492
0,787479731241862
-0,0249777595202128
0,312669092814128
0,923301696777344
-0,221394608815511
0,269308497111003
1,00525527954102
-1,38986059824626
-0,503230794270833
0,679253018697103
-1,6998757425944
-0,481758842468262
0,089193107287089
-1,45692626953125
-0,205656229654948
0,171934882799784
-1,51548365275065
0,119909521738688
0,700084915161133
-1,49874165852865
0,569205500284831
0,877848663330078
-0,931340789794922
1,57112670898438
0,856452178955078
4,25961771647135
0,419801775614421
-0,403210194905599
3,70168233235677
0,442593854268392
-2,71024698893229
0,790958709716797
-0,563307813008626
-4,42473134358724
0,997057189941406
0,564938151041667
-5,13576965332031
-0,382232487996419
2,4168147277832
-2,13912579854329
-1,09323351542155
2,02930206298828
-0,897710851033529
-0,934528198242187
1,82185028076172
-0,258315963745117
-0,660981953938802
1,36828196207682
0,791699930826823
-1,15866406758626
-0,217947031656901
-0,0394629923502604
-0,0310397593180337
-3,94343404134115
-2,3413759358724
0,96750249226888
-1,81186925252279
-1,0212119547526
-0,509906743367513
-1,10770762125651
-0,694822260538737
-0,577388865152995
-0,671252174377441
-0,414388313293457
-0,637295888264974
-0,51099116007487
-0,268015302022298
-0,590612513224284
-0,403110669453939
-0,266632944742839
-0,404274037679036
-0,255111433664958
-0,158793195088704
-0,343625857035319
-0,0645022630691528
-0,064181485970815
-0,318394368489583
-1
-1
1
-1
-1
-1
-1
-1
-1
-1