-0,187761039733887
0,0446963087717692
-0,256549491882324
-0,292337296803792
0,0304543113708496
-0,292543512980143
-0,241556135813395
0,0472164098421733
-0,555504480997721
-0,155847005844116
0,14111034154892
-0,837743988037109
-0,0663302874565125
0,384972763061523
-0,96427490234375
-0,0286140425999959
0,685713526407878
-0,854689534505208
0,174328575134277
0,904119008382161
-0,789367497762044
0,342794907887777
0,816193033854167
-0,515539169311523
0,512150624593099
0,744668680826823
-0,199888871510824
0,72867790222168
0,991231002807617
0,935822738011678
1,94140864054362
1,28878494262695
2,97797114054362
0,179993489583333
-0,189796295166016
3,14033732096354
0,670783182779948
-1,64626291910807
2,35289667765299
-0,284589284261068
-2,44390462239583
0,790768864949544
-0,392399520874023
-3,19617645263672
-0,0498013814290365
-0,455782101949056
-2,86313095092773
-1,04905027389526
0,543713709513346
-1,44933687845866
-1,49279874165853
0,91229367574056
-0,511964886983236
-0,937128016153971
0,878960520426432
-0,603214124043783
-0,55896718343099
0,923707784016927
-0,409616495768229
-0,392572898864746
1,02085459391276
-0,078960444132487
-0,308247273763021
-0,0201589711507162
-0,721720542907715
0,664470411936442
-4,05575703938802
-2,25841654459635
1,85807306925456
-2,03146443684896
-1,92815246582031
0,34384817759196
-1,22835154215495
-1,42647705078125
-0,17347697575887
-0,759232457478841
-0,953437347412109
-0,457418886820475
-0,587976239522298
-0,714469324747721
-0,484671122233073
-0,670401204427083
-0,593626022338867
-0,325612634023031
-0,728398590087891
-0,534787127176921
-0,176426823933919
-0,625009078979492
-0,422994384765625
-0,157552324930827
-0,495853513081868
-0,358809382120768
-0,193646189371745
-0,443333053588867
-0,307297744750977
-0,156011117299398
-0,443840993245443
-0,333172918955485
-0,0646010613441467
-1
-1
1
-1
-1
-1
-1
-1
-1
-1