0,130000254313151
0,115561498006185
-0,0935374402999878
0,335619767506917
0,34670623143514
-0,197215255101522
0,651518834431966
0,521112823486328
-0,359101174672445
0,512042719523112
0,480133069356283
-0,461727511088053
0,203321825663249
0,146666148503621
-0,309929580688477
0,131555287043254
-0,0431086993217468
-0,510252965291341
0,160058568318685
0,0278060817718506
-0,654019495646159
0,266269798278809
0,357976710001628
-0,423524271647135
0,393417358398438
0,761985041300456
-0,207683785756429
0,480179214477539
1,44834248860677
1,96392217000326
0,849786122639974
0,408586781819661
3,27722330729167
-0,00438682556152344
-0,729334055582682
0,800862795511882
-0,133348751068115
-2,34392929077148
0,357749443054199
-0,0487725194295247
-2,33596227010091
0,10184463818868
0,514258421262105
-2,30203180948893
0,444729916254679
0,807407938639323
-1,95518208821615
0,663330993652344
0,828385747273763
-1,45559600830078
0,610517946879069
0,844616216023763
-0,974889475504557
0,225518372853597
2,18319910685221
0,773560460408529
-2,32027715047201
1,47077799479167
0,589012972513835
-1,68534372965495
0,545789661407471
0,142497110366821
-1,25398038228353
-0,182265593210856
-0,181941696802775
-1,02189938863118
-0,437397168477376
-0,236285254160563
-0,915019887288412
-0,420065180460612
-0,284538898468018
-0,778106638590495
-0,544631106058756
-0,359350954691569
-0,599906234741211
-0,627608083089193
-0,448105112711589
-0,372223726908366
-0,560645141601563
-0,389268391927083
-0,260914014180501
-0,459265098571777
-0,199891649881999
-0,179331941604614
-0,35535572052002
-0,0384645477930705
-0,13353980700175
-0,21347910563151
0,0635887209574382
-0,129048582712809
-0,125544910430908
0,0716692034403483
-0,132488552729289
-0,154929269154867
0,0495152425765991
-0,14818089167277
-0,206741771697998
-0,00462380568186442
-0,137375745773315
0
0
1
0
0
0
0
0
0
0
