-0,00511020143826803
0,0126851193110148
-0,140231974919637
-0,0668326266606649
-0,0294712074597677
-0,136128899256388
-0,161973689397176
-0,0602502679824829
-0,119114437103271
-0,204894440968831
-0,0736748027801514
-0,147056951522827
-0,206694456736247
0,0767833995819092
-0,220489521026611
-0,219138768513997
0,114851039250692
-0,290415821075439
-0,182995185852051
0,386762549082438
-0,56096019744873
-0,0985970592498779
0,705078239440918
-0,80434560139974
0,145777753194173
0,88520393371582
-0,911742655436198
0,689021364847819
1,97568072001139
-0,674071617126465
1,06403821309408
2,0826735941569
-0,243682467142741
-0,0712950738271078
0,0634902954101562
2,5195529683431
0,303061310450236
-1,49679626464844
2,64226196289063
-0,198907623291016
-1,88040435791016
2,24088953653971
-0,48630261739095
-2,06820994059245
0,360689125061035
-0,193519910176595
-2,63878916422526
-0,0513477897644043
1,00278565724691
-2,70994598388672
-1,2674774424235
1,71299143473307
-2,28015686035156
-1,10735799153646
2,35021697998047
0,533904190063477
-0,586230977376302
1,45650756835937
1,91773076375326
-0,647864583333333
1,45482406616211
1,92781585693359
-0,792136255900065
1,21285992940267
1,48657109578451
-1,00698333740234
-3,12580729166667
-1,33303507486979
0,188624877929687
-1,70194562276204
-1,39029759724935
-0,108492050170898
-1,13471549987793
-1,00994041442871
-0,316192569732666
-1,1175287882487
-0,890272394816081
-0,101323504447937
-0,959326095581055
-0,783717549641927
0,0149374604225159
-0,646399968465169
-0,664047355651855
0,0371808155377706
-0,463934542338053
-0,534769287109375
0,0156330279509227
-0,348968276977539
-0,366183687845866
0,00494976490736008
-0,148038082122803
-0,164479999542236
-0,025522695183754
-0,0186508043607076
-0,053491907119751
-0,103050632476807
-0,0299409119288127
-0,0822369941075643
-0,123068707784017
-1
-1
1
-1
-1
-1
-1
-1
-1
-1