0,0928702545166015
0,253685626983643
-0,380267855326335
0,283231366475423
0,282355874379476
-0,34418524424235
0,441584294637044
0,363885752360026
-0,376243082682292
0,40180835723877
0,487845141092936
-0,333662376403809
0,310283082326253
0,49129945119222
-0,248098411560059
0,173978236516317
0,428366864522298
-0,22182045618693
0,0823557551701864
0,248494421641032
-0,344404754638672
-0,0237250789006551
0,0418338807423909
-0,482228139241536
-0,0248872439066569
-0,317575810750325
-0,721609331766764
0,381381295522054
1,02035763422648
-0,843235295613607
0,698512776692708
1,84243876139323
-0,421211484273275
1,3473964436849
2,43145935058594
-0,107919718424479
1,04419606526693
2,82379486083984
1,59511185010274
1,6162949625651
2,16782602945964
4,31018056233724
-0,392074228922526
-0,288691399892171
2,71893814086914
-0,402904510498047
-0,741621640523275
1,7813178507487
-0,44542371114095
-2,75157094319661
1,21998687744141
0,811067352294922
-3,05134552001953
-0,415765991210937
1,50792973836263
-0,395020510355632
0,118508682250977
1,62872670491536
0,452424329121908
0,312340520222982
1,9079931640625
1,70819315592448
0,366278686523437
0,772914276123047
1,84692911783854
-0,193663460413615
-2,11373886108398
0,231867955525716
0,674457257588704
-3,9882314046224
-1,71243713378906
0,232029266357422
-1,27507970174154
-1,63554133097331
-0,603431167602539
-0,8602783203125
-1,44767883300781
-0,625359840393066
-0,58210688273112
-1,18146128336589
-0,602710596720378
-0,287147369384766
-0,864577967325846
-0,508604990641276
-0,186660213470459
-0,643162091573079
-0,417400932312012
-0,140773007074992
-0,565277455647786
-0,351434427897135
-0,0851328659057617
-0,49905387878418
-0,240099875132243
-0,163729104995728
-0,51493283589681
-0,0952642631530762
-0,318502057393392
-0,53889289855957
-0,00647035519282023
-1
-1
1
-1
-1
-1
-1
-1
-1
-1