0,38691577911377
0,710633316040039
-0,157619349161784
0,195664717356364
0,665128936767578
-0,18544225692749
0,108571240107218
0,426717923482259
-0,246577911376953
0,0204140933354696
0,154503393173218
-0,422066548665365
0,0443385322888692
-0,10471212387085
-0,635639444986979
0,0446087408065796
-0,319705448150635
-0,747610066731771
0,0656067768732707
-0,450412813822428
-0,807617365519206
0,169200528462728
-0,460808614095052
-0,920074310302734
0,271167182922363
-0,101413358052572
-1,00060325622559
0,842164014180501
1,92233557383219
-0,544080683390299
1,22863784790039
2,48137430826823
0,512687511444092
1,32030960083008
2,55880920410156
2,17340016682943
0,885127716064453
0,979152526855469
3,91687123616536
-0,912522684733073
-1,90841461181641
3,39180455525716
-0,429057121276856
-1,2881044514974
-0,133129425048828
-0,357241528828939
-3,31103576660156
0,16292552947998
0,17525639851888
-3,91120402018229
-0,771223882039388
1,53566721598307
-0,309471079508464
-1,80962900797526
1,48725087483724
0,531636377970378
-1,52270985921224
1,41287368774414
0,262483530044556
-1,0368433380127
1,01706197102865
1,55143991152445
-1,08354858398438
0,87035649617513
2,1204551188151
-1,43686828613281
0,350374946594238
1,74281473795573
-1,30692303975423
-0,0154866790771484
1,11171447753906
-1,06519187927246
-0,369216041564941
0,670385297139486
-0,876451365152995
-0,659016876220703
0,271535447438558
-0,655898297627767
-0,61639773050944
0,0247457949320475
-0,542136535644531
-0,537485822041829
-0,0583198849360148
-0,43477108001709
-0,446421127319336
-0,0693502759933472
-0,261332085927327
-0,437314796447754
-0,13786696434021
-0,0953000497817993
-0,515049718221029
-0,19907133102417
0,073694175084432
-0,529080912272136
-0,221994152069092
0,12918231010437
-0,404996846516927
-0,160410404205322
0,111089480717977
-1
-1
1
-1
-1
-1
-1
-1
-1
-1