-0,0843751112620036
-0,210057729085286
0,183113587697347
-0,0483706474304199
-0,143721253077189
0,268705425262451
-0,0569963725407918
-0,108751551310221
0,335853932698568
-0,00684061845143636
-0,0118365478515625
0,322656129201253
0,148750187555949
0,173896999359131
0,305210367838542
0,141987563769023
0,474850921630859
0,190382308959961
-0,0320006561279297
0,608069076538086
0,146544949213664
-0,129860560099284
0,409756507873535
-0,0318072764078776
-0,188472798665365
0,249108893076579
-0,400847918192546
-0,0195064258575439
1,64161542256673
-0,946838099161784
0,243779582977295
2,68496164957682
-0,175498046875
1,49973523457845
4,12902913411458
0,98465695699056
0,502247543334961
1,22425585428874
2,94391733805339
-0,693976987202962
-0,78229118347168
2,36402231852214
-0,36539296468099
-1,05640897115072
1,81142812093099
0,408320388793945
-3,47713368733724
1,89404301961263
-0,290419387817383
-4,45358083089193
1,05551647186279
2,10159866333008
-2,22685974121094
0,0352034155527751
1,38387339274089
-0,120316314697266
-0,525939725240072
0,832851206461589
3,95137481689453
-1,15251617431641
-1,61899490356445
1,23016957600911
0,587989603678385
-4,22491373697917
-2,81916931152344
2,78060735066732
-1,20284019470215
-2,58197001139323
0,408789741198222
-0,460961074829102
-1,51423802693685
-0,0964887952804565
-0,294510828653971
-1,04358205159505
-0,176111227671305
-0,271060511271159
-0,76233632405599
-0,156390829086304
-0,26113644917806
-0,550703366597494
-0,0892564105987549
-0,152649122873942
-0,443006935119629
-0,0386005385716756
-0,0711001618703206
-0,315060609181722
-0,0599664958318075
-0,0538596836725871
-0,223020426432292
-0,0593623367945353
-0,0958809693654378
-0,173086595535278
-0,0243065206209819
-0,145481182734172
-0,168971586227417
-0,0079346619049708
-0,149305680592855
-0,208188158671061
0,00192039012908936
0
0
1
0
0
0
0
0
0
0
