0,0815257581075033
0,437663485209147
-0,114226331710815
-0,118712724049886
0,339140688578288
-0,125873807271322
-0,187915751139323
0,261427192687988
-0,312565142313639
-0,178476152420044
-0,04817595799764
-0,558947054545085
-0,0816290203730265
-0,131128940582275
-0,764951883951823
0,00379665851593018
0,169771318435669
-0,729284896850586
0,356376323699951
0,562016245524089
-0,650397911071777
0,678423334757487
0,741858139038086
-0,425955301920573
0,932947336832682
0,588775011698405
0,0316519355773926
0,824265314737956
-0,277736644744873
3,00895482381185
-0,260492782592773
-2,6320703125
1,68649136861165
-0,144654922485352
-2,77453816731771
1,3116029103597
-0,118271942138672
-2,84946044921875
0,427394231160482
-0,557480303446452
-3,07272816975911
0,24801389058431
-0,616233329772949
-1,8040705871582
-0,273492851257324
-0,0456942971547445
-1,67528935750326
-0,597936948140462
0,320718835194906
-1,41969278971354
-0,635540822347005
0,637701047261556
-0,367883275349935
-0,419123064676921
1,75520879109701
1,24729614257813
-0,422362734476725
1,49557734171549
0,842695782979329
-0,290342508951823
-3,23445124308268
-2,36346862792969
1,3957866414388
-2,5536213684082
-2,40063547770182
-0,207310307820638
-1,08233001708984
-1,18034759521484
-0,898640925089518
-0,494855028788249
-0,73185173034668
-0,910188115437826
-0,483843434651693
-0,57854621887207
-0,769746602376302
-0,705010630289713
-0,59209893544515
-0,600809033711751
-0,699214528401693
-0,542249170939128
-0,485029157002767
-0,549260724385579
-0,390641911824544
-0,319149583180745
-0,470440610249837
-0,302348175048828
-0,263371715545654
-0,499555486043294
-0,240917390187581
-0,253346436818441
-0,47588929494222
-0,216939913431803
-0,228251825968424
-0,404081611633301
-0,133201694488525
-0,178725570042928
-0,297182960510254
-0,0711054929097493
-0,0811292775472005
-1
-1
1
-1
-1
-1
-1
-1
-1
-1