-0,171742210388184
0,641737009684245
0,138283672332764
-0,243129043579102
0,688718999226888
0,161299966176351
-0,269360001881917
0,82443593343099
0,0387089951833089
-0,26319845199585
0,986689656575521
-0,0619438536961873
-0,330707804361979
1,07871070861816
-0,181557483673096
-0,320071970621745
1,06032786051432
-0,33225102742513
-0,210871651967367
0,827195536295573
-0,452955156962077
0,0152126963933309
0,635959930419922
-0,604851582845052
0,248648389180501
0,666457595825195
-0,51109250386556
1,3744037882487
-0,0682876586914063
2,04323209762573
0,812064018249512
-0,731829732259115
3,05200083414714
0,0817247136433919
0,711653442382813
2,08998499552409
0,520490748087565
-2,36527297973633
0,262102661132813
0,167673180898031
-1,89484186808268
0,942611211140951
1,08283219655355
-4,18362091064453
0,69073735555013
1,57548329671224
-1,95956029256185
0,717582422892253
1,29871576944987
-1,00678194681803
0,359364891052246
1,36857772827148
1,98321818033854
-1,84593495686849
-0,0315942398707072
0,678667869567871
-1,75211085001628
-2,01237360795339
-1,46747411092122
3,01954376220703
-3,07175674438477
-2,21937174479167
-0,796089045206706
-1,42064590454102
-1,64957682291667
-1,45568700154622
-0,569104652404785
-1,03116877237956
-1,40112009684245
-0,262789147694906
-0,597244122823079
-1,41326283772786
-0,266998481750488
-0,397435124715169
-1,09221720377604
-0,379527079264323
-0,258551864624023
-0,614767583211263
-0,351802190144857
-0,137432629267375
-0,328031679789225
-0,16503942489624
-0,047156069278717
-0,318353621164958
-0,0839916642506917
-0,0206822538375854
-0,333504384358724
-0,152548866271973
-0,0447536985079447
-0,226266250610352
-0,197803700764974
-0,0389368494351705
-0,126686220169067
-0,147187430063883
-0,00324287970860799
-0,0874159177144368
-0,0839085896809896
-0,00144130825996399
-0,0768662039438883
0
0
1
0
0
0
0
0
0
0
