0,0867516867319743
0,292261454264323
-0,0922531572977702
0,0342394800980886
0,193772665659587
-0,0528843768437703
0,00147507478793462
0,171867853800456
-0,0533639764785767
0,0116786001622677
0,226263116200765
-0,0923912175496419
0,082353564898173
0,325601793924967
-0,0862724510828654
0,0542351245880127
0,376507682800293
-0,0092753275235494
0,0494653542836507
0,558795547485352
-0,00257105429967245
-0,00154772996902466
0,662831637064616
-0,145230859120687
-0,0643373552958171
0,542569198608398
-0,374964771270752
0,109153413772583
-1,80691458384196
-1,84644795735677
0,373306516011556
-2,0913215637207
-1,99895640055339
0,424307696024577
-1,25086870829264
-1,64477035522461
0,504277559916178
-0,817421849568685
-1,39981516520182
0,703575846354167
-0,840141830444336
-1,1645272064209
2,3660316212972
-2,45407132466634
0,533292592366536
2,75619873046875
-4,64156311035156
4,86408935546875
1,22329671223958
-2,35289087931315
4,77561930338542
0,448423805236816
-1,77238306681315
1,53497924804688
-0,543858235677083
-2,20516637166341
-0,075048770904541
-0,48019723256429
-1,87120651245117
0,148168958028158
0,887791506449381
-2,82754486083984
0,100362663269043
1,70494700113932
-2,0169797261556
-0,101560675303141
1,90191523234049
-1,68600499471029
-0,00557303746541341
2,17247004191081
2,33245422363281
0,131213633219401
1,73876403808594
1,8639675394694
-1,35878697713216
0,58598154703776
0,556749725341797
-0,6807373046875
-5,42581837972005
-1,56866572062174
-0,570015182495117
-1,79711283365885
-0,364151388804118
-1,1575966389974
-0,269206307729085
0,0158226172129313
-1,04552429199219
0,0884499994913737
0,275727202097575
-1,05230288187663
0,0805146837234497
0,30043488184611
-0,981538950602214
-0,173718756039937
0,209886309305827
-0,577039998372396
-0,411713562011719
0,055651273727417
-0,23801570892334
-1
-1
1
-1
-1
-1
-1
-1
-1
-1