-0,229753538767497
0,848508555094401
-0,0126443731784821
-0,222396500905355
0,826222763061523
-0,0173488708337148
-0,110517463684082
0,80482536315918
-0,0679872830708822
-0,0430205376942953
0,798751932779948
-0,124882764816284
-0,0526538626352946
0,799512786865234
-0,0861447795232137
-0,0977188301086426
0,807747217814128
-0,00046850045522054
-0,151725365320841
0,834801712036133
0,0265166544914246
-0,17059321085612
0,887549387613932
-0,0126751375198364
-0,0424522240956624
1,00906372070313
-0,0442819118499756
0,70666441599528
2,22563814798991
-0,227952613830566
0,766686477661133
1,80116816202799
-0,631840438842774
0,329846305847168
1,72724670410156
-0,567766405741374
0,164049202601115
1,25664571126302
-0,638640429178874
0,149795150756836
-1,25592224121094
-2,96150507609049
0,503032290140788
-0,590964342753093
-2,57341328938802
0,564084815979004
0,233013381958008
-1,64198354085286
2,0546540705363
-0,69687068939209
-0,536451206207275
2,8578227742513
-1,49707489013672
2,27764104207357
1,49029968261719
-2,4248513285319
4,00188405354818
1,11961196899414
-1,95706166585286
2,88303009033203
1,29225507100423
-1,01949879964193
2,46533569335937
-0,135971552530924
-1,53075703938802
0,820638783772786
-0,15478520711263
0,170632546742757
1,14014905293783
1,08314914385478
-3,31955404281616
0,202972971598307
1,90786061604818
-5,805634765625
-0,864165751139323
0,828764470418294
-1,27434135437012
-0,174266017278036
1,34736948649089
0,442059186299642
-0,139426546096802
1,47974029541016
2,20360076904297
-0,874168764750163
0,133456169764201
0,664860191345215
-1,18588203430176
-2,40738857269287
-1,42993748982747
0,339125111897786
-4,273486328125
-2,51786163330078
-0,740255762736003
-1,65605229695638
-1,37295255025228
-1,00075281778971
-0,812610346476237
-0,896089502970378
-1,13581217447917
-1
-1
1
-1
-1
-1
-1
-1
-1
-1