0,0996513716379801
0,184989471435547
-0,127460660934448
0,0405250183741252
0,214340585072835
-0,103337783813477
0,0205283745129903
0,304876861572266
-0,0897986634572347
0,118409520785014
0,492490030924479
-0,0644968128204346
0,32107032140096
0,667831268310547
-0,130330533981323
0,467814458211263
0,555218709309896
-0,381539090474447
0,169053169886271
0,324922752380371
-0,607516810099284
0,0412389278411865
0,0464793109893799
-0,719369328816732
-0,054875340461731
-0,287068157196045
-0,943552373250326
0,958008619944255
-0,217770487467448
-2,00054845174154
1,50656270345052
-0,0990869077046712
-2,2753103129069
1,48415496826172
0,0156443436940511
-0,454819590250651
0,834603932698568
1,32279964447022
2,48221394856771
-0,250050379435221
-0,131405232747396
3,00230448404948
0,284112618764242
-2,5274452718099
1,80803960164388
-0,234928417205811
-2,86254170735677
0,428583628336589
-0,40617436726888
-2,92403594970703
0,655437329610189
0,729816385904948
-2,92403594970703
0,0497731272379557
1,58577036539714
-1,14217609405518
0,122401568094889
1,55041859944661
0,0210343678792318
0,153302059173584
0,957032623291016
2,51131322224935
-0,304446776707967
0,132349599202474
1,26088760375977
-2,6885302734375
-0,256340611775716
0,583407694498698
-0,931768646240234
-0,256714121500651
0,362895253499349
-0,772016932169596
-1,87975908915202
-0,796220258076986
0,350677007039388
-2,54692632039388
-1,38680292765299
1,23638315836589
-2,21387191772461
-1,32841784159342
1,21074010213216
-1,8384201558431
-1,07612258911133
1,0162670135498
-1,58792241414388
-0,842673365275065
0,792576599121094
-1,35184046427409
-0,644351425170899
0,582888145446777
-1,05129946390788
-0,546322797139486
0,465241088867187
-0,738006490071615
-0,43118221282959
0,309369926452637
-0,527105674743652
-0,373417269388835
0,178011306126912
-1
-1
1
-1
-1
-1
-1
-1
-1
-1