0,146546703974406
-0,507790082295736
0,0871567026774088
0,221542962392171
-0,407065836588542
0,0814270401000977
0,239907855987549
-0,363945388793945
0,127128280003866
0,183805764516195
-0,433519032796224
0,17527193069458
0,138081487019857
-0,44211919148763
0,195264930725098
0,117386274337769
-0,322474199930827
0,200438798268636
0,124091161092122
-0,174215564727783
0,164682038625081
0,194012877146403
0,0572512292861938
0,176561406453451
0,2196555519104
0,0927135976155599
0,193371912638346
0,295396569569906
0,421970945994059
-1,72550042470296
-0,121068674723307
1,83307637532552
-2,40905100504557
-0,506257235209147
1,96257527669271
-1,72721608479818
-0,960105616251628
1,81256403605143
-1,43035949707031
-1,01006968180339
1,65979461669922
-1,03592061360677
-0,870941518147787
1,32907768249512
-0,58805903116862
-0,618700942993164
0,688494135538737
-0,136858364741007
-0,341773382822673
0,302100416819255
0,195658585230509
0,0607834466298421
0,0500497500101725
0,482205746968587
0,397186552683512
-0,143498204549154
0,791245524088542
0,448630282084147
0,162952156066895
2,27792470296224
0,480585225423177
0,44266840616862
1,97203150431315
0,53580202738444
0,323701349894206
1,95405558268229
0,191661160786947
0,021074104309082
2,25234405517578
-0,680049114227295
-1,62728981018066
1,34051172892253
-1,37861724853516
-2,86023244222005
-0,0256152852376302
-0,729298845926921
-1,95624348958333
-0,525012639363607
-0,600174840291341
-2,12780985514323
-0,799292805989583
-0,572313130696615
-2,01907969156901
-0,800476862589518
-0,471924807230632
-1,438359375
-0,897858378092448
-0,322697137196859
-0,606165237426758
-1,15364273071289
-0,381121857961019
-0,0871109024683634
-1,2184730275472
-0,866891606648763
0,0654224713643392
-0,567007141113281
-1,00300651550293
0,147279383341471
-0,313735440572103
-1
-1
-1
-1
-1
-1
-1
-1
1
-1