-0,00143296480178833
-0,193627758026123
0,132415192921956
0,0228844936688741
-0,215599988301595
0,146746822992961
0,00627428571383158
-0,218538195292155
0,186425094604492
0,0411722350120544
-0,176089121500651
0,208619937896729
0,184266026814779
-0,105281260808309
0,216340516408284
0,35737133026123
-0,0665816338857015
0,184830455780029
0,317586669921875
-0,0717145188649495
0,154250456492106
0,257151597340902
-0,0941906563440959
0,25742213567098
0,34240301767985
-0,228154379526774
0,0652378845214844
0,0612771161397298
0,0753820419311523
-1,63551888783773
-0,119332466125488
0,19655699412028
-2,16631108601888
-0,270197283426921
0,159428208669027
-1,88040761311849
-0,470298614501953
0,279320170084635
-1,75495396931966
-0,522317771911621
0,549599431355794
-1,38457105000814
-0,396695035298665
0,656899083455404
-0,83160285949707
-0,291888389587402
0,556942545572917
-0,30405135790507
-0,0869066429138184
0,712539469401042
0,15507905960083
1,23789134502411
0,178211466471354
1,57155851999919
1,66481379191081
-1,16198900858561
2,18080983479818
0,975015055338542
0,463439534505208
1,78798095703125
1,04501469930013
0,54174991607666
1,62302052815755
0,768130213419596
0,553218574523926
1,64594599405924
0,434743404388428
0,145844144821167
1,41500823974609
-0,786282901763916
-2,09777759552002
0,0721799214680989
-1,08568206787109
-2,01009256998698
-0,843523534138997
-0,831839345296224
-2,00946426391602
-0,789086151123047
-0,692516110738119
-1,75833267211914
-0,81436398824056
0,00722377777099611
0,0948578389485676
-1,91838577270508
-1,65160603205363
0,222386067708333
-1,06483800252279
-4,20470031738281
-1,31042175292969
3,08631088256836
-2,40730138142904
-1,42423838297526
0,369129528999329
-1,3848218536377
-1,13416097005208
-0,0789662488301595
-0,916165110270182
-0,876907501220703
-0,0276374344031016
0
0
0
0
0
0
0
0
1
0
