0,0964494546254476
-0,0908520793914795
-0,0383076024055481
0,0739377466837565
-0,0712807353337606
-0,0216514507929484
0,110615275700887
0,00691176493962606
-0,0178418505191803
0,150083955128988
0,0867320156097412
-0,0180102324485779
0,178806959788005
0,134780337015788
-0,0130728344122569
0,136673825581868
0,0389952556292216
-0,0255873870849609
0,0924479230244954
-0,115145897865295
-0,0415711291631063
0,120900627772013
-0,000846478144327797
-0,0712301429112752
0,200057392120361
0,367656288146973
-0,243395312627157
0,0142236582438151
0,489693476359049
-1,82981061299642
-0,503263816833496
0,644072074890137
-2,37782155354818
-0,439520022074382
0,500852190653483
-2,12461318969727
-0,480673192342122
0,406558214823405
-1,99217468261719
-0,541875025431315
0,51698860168457
-1,7761962890625
-0,436792488098145
0,752251752217611
-1,54854690551758
-0,353376757303874
0,929253387451172
-1,05052289326986
-0,198245560328166
0,952121073404948
-0,449967784881592
0,243224611282349
0,87971794128418
0,207988287607829
1,12579846700033
-0,493001747131348
3,06511952718099
0,0829848114649455
-0,0873540496826172
2,12180419921875
0,117513717015584
0,286165243784587
1,61419998168945
0,177320995330811
0,314727884928385
1,37109069824219
-0,195497986475627
0,303110129038493
1,2756302134196
-0,293201497395833
-0,08337189356486
0,896809590657552
-0,350270487467448
-0,434517478942871
0,524850819905599
-0,305989367167155
-0,778299916585286
0,298391234079997
-0,247706158955892
-0,831566772460937
-0,727842540740967
-0,0969476381937663
-1,55870768229167
-2,02110794067383
-0,0454708846410116
-0,804995244344076
-1,76436014811198
-0,99541250705719
-0,677674179077148
-0,110552825927734
-3,25466837565104
-1,4411415608724
2,24356501261393
-1,42491180419922
-1,543388671875
1,04995239257813
-0,920294825236003
-1,12176635742188
0,761371561686198
0
0
0
0
0
0
0
0
1
0
