0,136143595377604
0,0192891093095144
-0,156742900212606
0,135905714035034
0,0312354079882304
-0,115381825764974
0,130837977727254
0,0305348134040833
-0,0810548114776611
0,175896431605021
0,0148364130655924
-0,0486931228637695
0,29466433207194
0,00379381934801737
-0,0442534144719442
0,329491844177246
-0,0559287802378337
-0,0991207981109619
0,190254726409912
-0,06345001856486
0,0081498384475708
0,16494732538859
0,149338070551554
0,0284179401397705
0,185543518066406
0,395547650655111
-0,111368753115336
0,218992360432943
0,601750526428223
-2,05182810465495
-0,582964948018392
0,0993040339152019
-2,54659418741862
-0,64358704884847
-0,170952186584473
-2,03255625406901
-0,808125139872233
0,691993703842163
-1,79707977294922
-0,541250089009603
2,04164733886719
-0,690050258636475
-0,132036991119385
1,53953852335612
-0,140419979095459
0,019425090154012
1,26606333414714
0,150645922025045
0,303545087178548
0,421755625406901
3,15262268066406
0,604008598327637
-0,0265605163574219
3,48099792480469
-0,846772715250651
-0,634673767089844
2,24204849243164
-0,503594525655111
-0,156173388163249
1,79547210693359
-0,331893781026204
0,0703601169586182
1,42314910888672
-0,603698577880859
-0,106204452514648
1,29580764770508
-0,921174519856771
-2,31698094685872
-1,1262158203125
-0,803421961466471
-2,24275466918945
-1,33474436442057
-0,415808083216349
-1,79063781738281
-1,73317179361979
0,340553509394328
0,492500915527344
-2,71252970377604
0,4103156153361
1,75077224731445
-2,29750203450521
-1,63113906224569
0,193008931477865
1,19073028564453
-3,83231516520182
-2,00381968180339
2,41524424235026
-1,54964096069336
-1,90447133382161
0,943445027669271
1,22520782470703
-0,420742378234863
-0,0600240198771159
2,30679845174154
0,207822157541911
-0,608465321858724
1,85599411010742
0,0598483816782633
-0,541435203552246
0
0
0
0
0
0
0
0
1
0
