0,137968645095825
-0,0117600644628207
-0,00642763008673986
0,148207082748413
-0,00725546558698018
-0,00597169190645218
0,146884218851725
0,053791602452596
0,00244061827659607
0,235733184814453
0,0792639923095703
0,00506554424762726
0,370163281758626
0,0658071931203206
-0,0498460952440898
0,258851636250814
0,0718945980072021
-0,0635190836588542
0,150576324462891
0,270274823506673
-0,0529393672943115
0,131411797205607
0,657706413269043
-0,143456557591756
0,0859871164957682
0,789179433186849
-0,305931485493978
0,330125732421875
1,13371241251628
-2,42742464701335
-0,728669865926107
1,68969879150391
-2,48874618530273
-1,29543487548828
1,53082234700521
-1,76328241984049
-1,18465827941895
1,37225814819336
-1,75642598470052
-1,08407928466797
1,74107070922852
-1,59855646769206
-0,359366315205892
2,25809733072917
-1,36062026977539
-0,266210549672445
1,90129679361979
-1,08765195210775
1,84376979827881
0,399508514404297
1,68738670349121
3,22708740234375
-1,78922846476237
3,34812133789063
-0,0465848795572916
-1,56459121704102
4,7084321085612
-1,12093805948893
2,28822077433268
2,32973724365234
0,403517506917318
1,06860107421875
2,15150090535482
-0,493643417358398
-1,22450327555339
0,243066635131836
-0,778650182088216
-2,72948883056641
-0,455862045288086
0,19807212193807
-2,92612828572591
-1,29552871704102
0,171147537231445
-2,19564036051432
-0,549773661295573
-0,154678700764974
-0,850915985107422
-0,311116256713867
2,74086921691895
0,0946053568522135
-4,77860280354818
-1,16834762573242
0,471035614013672
-2,88278147379557
-3,20557017008464
-0,940313568115234
3,09546091715495
-2,75230646769206
-1,41179718017578
0,974773203531901
-1,44108739217122
-1,21790977478027
0,310444068908691
-0,617620595296224
-0,943719940185547
0,330387051900228
-0,200490392049154
-0,801116180419922
0,296911029815674
0
0
0
0
0
0
0
0
1
0
