-0,119020214080811
-0,625015335083008
0,0852625846862793
-0,0753446992238363
-0,647905006408691
0,112444753646851
-0,0521488332748413
-0,681383209228516
0,119979499181112
-0,0693851582209269
-0,613025728861491
0,125999142328898
-0,0190280206998189
-0,49923344930013
0,137755473454793
0,144511909484863
-0,318982022603353
0,115926764806112
0,275528265635173
-0,027590815226237
0,027874002456665
0,239769954681397
0,276020463307699
0,068417444229126
0,279914506276449
0,466027285257975
-0,094937858581543
0,0320923105875651
0,984446818033854
-2,02862004597982
-0,529802652994792
2,42507451375326
-2,47367401123047
-0,763449020385742
1,26853609720866
-2,11791061401367
-2,04473462422689
0,99109992980957
0,0263690980275472
-0,291496887207031
1,64521545410156
0,118672196070353
-0,10938267548879
1,28190312703451
0,386342658996582
0,946252241134644
0,210994955698649
1,86263488769531
3,22463907877604
-3,57940938313802
2,29338821411133
1,55153416951497
-2,59741012573242
2,87113250732422
0,509219741821289
-0,728967895507812
2,62590057373047
-0,0398565173149109
0,684839782714844
2,25960423787435
-0,0719034854571025
0,818842442830404
1,82158716837565
-0,765535850524902
-0,691497802734375
0,81567626953125
-2,08006754557292
-2,02965845743815
-0,589940808614095
-1,53968495686849
-1,4878493754069
-0,643249359130859
-1,20310384114583
-1,50915318806966
-0,514460322062175
-1,05502405802409
-1,51610626220703
-1,79814725240072
-2,97748138427734
-1,51285344441732
2,03369420369466
-2,39771377563477
-1,48601933797201
1,21694826761882
-0,748490104675293
-0,932065175374349
-0,164834054311117
-0,413995094299316
-0,724706573486328
-0,178084831237793
-0,178626772562663
-0,588342895507813
-0,194252834320068
-0,100558916727702
-0,641973546346029
-0,082660927772522
-0,0318534962336222
-0,714655075073242
0,0464172712961833
0
0
0
0
0
0
0
0
1
0
