-0,000625177621841431
0,247771015167236
-0,373399658203125
-0,0149624216556549
0,276402797698975
-0,272120863596598
-0,0343146880467733
0,260191472371419
-0,218831615447998
-0,0831846300760905
0,275497430165609
-0,212259006500244
-0,00178450425465901
0,347641181945801
-0,184710623423258
0,222041600545247
0,443348782857259
-0,179145367940267
0,303414319356283
0,538018671671549
-0,24496467590332
0,213006687164307
0,736976038614909
-0,199408950805664
0,150488348007202
0,867090962727865
-0,194497578938802
0,174739990234375
1,20952407836914
-1,95389999389648
-0,0959104665120443
2,66815195719401
-2,78541463216146
-0,667332903544108
2,05093566894531
-1,95928085327148
-0,860489145914713
2,05918604532878
-1,2325420888265
-0,587057418823242
2,3029801940918
0,268832829793294
-0,28594357808431
2,07456848144531
0,593136990865072
-0,0889614073435466
1,81595606486003
0,691957499186198
0,16483193397522
1,50221633911133
0,909219106038412
0,896578648885091
-0,17293581644694
1,32178298950195
2,0830387878418
-3,87477355957031
2,26992024739583
1,16625366210938
-2,25905946095784
2,71090754191081
0,927565027872721
0,532834866841634
2,21936228434245
0,640765762329102
0,604655723571777
2,05969629923503
0,131865733464559
0,2649409643809
1,76893147786458
-0,165899721781413
-0,239550333023071
1,30273501078288
-0,138752225240072
-2,20705570220947
0,302457008361816
-0,207715161641439
-1,85303726196289
-0,424934438069662
-0,316725018819173
-0,171582692464193
-2,75788558959961
-0,264226557413737
0,354357096354167
-2,5758925374349
-1,242540918986
-0,0803284962972006
-0,999559326171875
-3,10125651041667
-1,91908203125
2,02902791341146
-1,9329736328125
-2,41110397338867
1,06036204020182
-1,7775422668457
-2,04761728922526
1,08015724182129
-1,44377604166667
-1,67933736165365
1,01507751464844
-1
-1
-1
-1
-1
-1
-1
-1
1
-1