-0,724322764078776
-1,23825230916341
0,0966266886393229
-0,217291316986084
-0,839144236246745
-0,134976437886556
-0,097413698832194
-0,73410649617513
-0,180300579071045
0,037912925084432
-0,229058063824972
0,0521049690246582
0,15867423693339
0,0184470387299856
0,150399990081787
0,169667641321818
0,097395388285319
0,12664244333903
0,132007751464844
0,20469622929891
0,122141125996908
0,121225185394287
0,476697527567546
0,110518306096395
0,165872961680094
0,624751663208008
-0,00759445190429688
0,577515347798665
0,955045204162598
-1,93338161468506
-0,441072260538737
1,36786809285482
-2,49657485961914
-0,923625284830729
2,40785217285156
-2,02224131266276
-1,20026626586914
3,81882385253906
-1,10287227630615
-0,908496398925781
3,57548319498698
0,210601488749186
-0,758103930155436
3,31528813680013
1,28822230021159
-0,171219959259033
1,56496971130371
1,61396011352539
0,125516284306844
0,819963048299154
1,70877756754557
0,730510737101237
-0,501965993245443
1,60517349243164
2,65617431640625
-5,32284200032552
0,849101715087891
1,45627021789551
-2,15949549357096
1,96473523457845
0,402356923421224
0,522024841308594
2,40195200602214
0,251298395792643
0,633523012797038
2,07858708699544
-0,496134608586629
-0,522821877797445
1,17002244949341
-1,96087214152018
-2,28296590169271
-0,161365426381429
-1,18809679667155
-1,63539632161458
-1,17295310974121
-0,382597045898438
-0,999164708455404
-1,84515991210937
0,344463068644206
0,0554308064778646
-2,44439931233724
-0,33798272450765
1,12920450846354
-2,43276362101237
-2,82293975830078
-1,23658915201823
3,41308436075846
-2,14491467793783
-2,14224706013997
1,79772514343262
-0,821354242960612
-1,83333114624023
0,582327016194662
-0,320883318583171
-1,3336715443929
0,33867556254069
0,0759708563486735
-0,978707453409831
0,0966723966598511
0
0
0
0
0
0
0
0
1
0
