0,061381508509318
0,0199712463219961
-0,101512333552043
0,107882452011108
0,0544697141647339
-0,114051405588786
0,0836793486277262
0,00422818024953206
-0,140413951873779
0,0282682855923971
-0,0367575947443644
-0,0671099011103312
0,0189349492390951
0,0886687596638997
-0,00619165897369385
0,0076577095190684
0,18801913579305
0,0763821156819661
0,0911801846822103
0,239090735117594
0,143295895258586
0,266527328491211
0,341339925130208
0,101095598538717
0,319294548034668
0,323142700195312
-0,300878671010335
-0,134411532084147
0,852684427897135
-1,80525886535645
-0,379141387939453
1,02824567159017
-2,28278803507487
-0,578790740966797
0,956229248046875
-2,13443232218424
-1,60223358154297
2,20697998046875
-0,567046763102213
-1,36961288452148
1,70891774495443
-0,0738814894358317
-1,09227882385254
1,06216438293457
0,162475083669027
-0,709893531799316
0,616446317036947
0,356229623158773
0,156544647216797
0,151637369791667
0,990591367085775
1,25425689697266
-1,28831720987956
2,13505569458008
1,33602055867513
-1,05585505167643
1,81764256795247
1,44947265625
0,273057289123535
1,27760503133138
0,610768661499023
1,74339665730794
0,680148137410482
0,197607599894206
0,754493230183919
1,28926096598307
-0,785275115966797
-0,881513239542643
2,18134399414062
-1,185419921875
-1,96165496826172
0,606141815185547
-1,80997355143229
-2,28769124348958
-0,107134682337443
-1,30276173909505
-1,61897069295247
-0,561910171508789
-1,18718144734701
-1,18795394897461
-0,588432210286458
-0,855527776082357
-0,932020314534505
-0,76766108194987
-0,522652028401693
-0,487168846130371
-0,911741892496745
0,0802924553553263
2,34640716552734
-1,83362147013346
0,0697715377807617
1,99753789265951
-1,69938669840495
-0,431421318054199
1,14124593098958
-0,829204508463542
-0,495199279785156
0,591891441345215
-0,324857165018717
-1
-1
-1
-1
-1
-1
-1
-1
1
-1