0,050035932858785
0,0196907544136047
-0,00935056567192078
0,0281152788798014
-0,00555035014947255
0,0111698961257935
0,0330519302686055
-0,0305864159266154
0,0319841051101685
0,0435965379079183
-0,0535557762781779
0,0568480809529622
0,0330070432027181
0,0406414190928141
0,121547880172729
0,0402277294794718
0,223307806650798
0,167611106236776
0,0612251059214274
0,309925664265951
0,197212231953939
0,136177660624186
0,259324849446615
0,230497252146403
0,0940268834431966
0,295443649291992
0,0674710528055827
-0,132840741475423
0,811102701822917
-1,92034201304118
-0,473542251586914
1,91363215128581
-2,99099029541016
-1,38380294799805
1,00287198384603
-1,67686614990234
-1,32360707600911
0,863447723388672
-1,61367874145508
-1,14058891296387
0,746275583902995
-1,34034739176432
-0,0623512268066406
2,35715067545573
-0,601416149139404
0,208460699717204
1,02946039835612
0,843969532648722
1,70186208089193
-1,95301132202148
3,75287862141927
2,58599090576172
-3,51523864746094
3,2717436726888
2,10920705159505
-3,58600870768229
2,95784779866536
1,01580777486165
-0,510673853556315
2,10630727132161
0,803954671223958
0,593356781005859
1,58299641927083
0,441551710764567
0,418281968434652
1,20248766581217
-0,0419636058807373
-0,0807209777832031
0,760395164489746
-0,250102920532227
-0,572904739379883
0,22773078918457
-0,40796147664388
-0,89479118347168
-0,198236134847005
0,0034544372558594
-0,929188486735026
-1,14247849782308
0,878180948893229
-1,02867505391439
-2,45600423177083
0,626941502888997
-0,733436635335286
-2,25710138956706
-2,51428298950195
-1,47179252624512
1,61197814941406
-1,38509061177572
-1,74298151652018
0,557867113749186
-0,980187505086263
-1,41241198221842
0,457051378885905
-0,57171999613444
-0,998453903198242
0,341625022888184
-0,261565348307292
-0,689949951171875
0,173955265680949
0
0
0
0
0
0
0
0
1
0
