0,0123484098911285
0,0403853106498718
0,0268106476465861
0,0151008683443069
0,101476310094198
0,0303239822387695
-0,00456091264883677
0,177519448598226
0,036291987101237
0,00709891219933828
0,147495635350545
0,0401018905639648
0,00351006348927816
0,106357185045878
0,0297772796948751
-0,0145182553927104
0,0941185553868612
-0,0053038223584493
0,0212167978286743
0,317963701883952
-0,0551144059499105
0,0811476103464762
0,538683522542318
-0,0642805194854736
0,159331897099813
0,316326211293538
-0,204740676879883
0,145329713821411
-0,141449629465739
-2,00066557566325
-0,995188115437826
1,77689687093099
-2,37123250325521
-1,40975728352865
2,01338205973307
-1,19852638244629
-1,39423690795898
2,21185709635417
-1,19399317423503
-1,08944730122884
2,47446345011393
-1,24347854614258
-0,682172139485677
2,00115519205729
-1,34816141764323
-0,662308197021484
1,82622548421224
-0,878891118367513
-0,443419965108236
1,37809702555339
-0,402357883453369
-0,181544802983602
1,00142011006673
0,188962999979655
0,552788944244385
1,1051313273112
1,16121294657389
1,54435317993164
0,338036855061849
2,92712188720703
0,977417246500651
-0,384208450317383
3,03674438476562
0,324563700358073
1,0604621887207
1,71382158915202
0,115089794794718
0,157209186553955
0,466985778808594
-0,136116828918457
0,15502155939738
0,511478589375814
-0,712413546244303
-2,30116696039836
-0,362913500467936
-0,447782923380534
-2,57168680826823
-0,709469388326009
-0,211934598286947
-2,79270243326823
-0,318691329956055
-0,629522616068522
-2,0100971476237
-0,436403541564941
-0,619293225606283
-1,71049489339193
-3,40210784912109
-0,549527397155762
-0,584582316080729
-1,80040959676107
-0,27027764638265
-0,272968330383301
-1,39698300679525
-2,34485758463542
-1,10206194559733
0,780122680664062
-2,54945063273112
-1,42115158081055
1,09736625671387
0
0
0
0
0
0
0
0
1
0
