0,0496181265513102
-0,103716484705607
0,0521126000086466
0,0285102637608846
-0,0634055630366008
0,046750283241272
0,0572562980651855
-0,0123455699284871
0,0395891110102336
0,109743595123291
0,0498146653175354
0,035842870871226
0,186720581054688
0,115536349614461
0,0378622142473857
0,356349315643311
0,253219941457113
0,0387238963445028
0,403252423604329
0,418978532155355
-0,0999305057525635
0,244285996754964
0,663041852315267
-0,159989471435547
0,187081705729167
0,906702499389648
-0,368607559204102
0,567543226877848
2,19389653523763
-1,94790298461914
-0,928069051106771
4,05850738525391
-1,41481206258138
-1,31627428690592
3,44531595865885
-0,812251281738281
-1,69356908162435
3,35908233642578
-0,383223533630371
-0,852295939127604
3,36759389241536
-0,0748958079020182
-0,279601395924886
2,27770039876302
0,484699592590332
-0,0444179630279541
1,30888605753581
0,839446385701497
0,996055793762207
-0,536753336588542
1,23613100687663
2,36478515625
-4,92131551106771
1,85816106160482
1,64327616373698
-2,9965439860026
1,3721977742513
1,25061950683594
-2,65852256774902
1,52173619588216
0,666994247436524
0,119103266398112
0,835381037394206
0,422188720703125
1,81367818196615
0,240546194712321
0,139562978744507
1,43918904622396
0,546817626953125
-0,412553590138753
-0,233991317749023
0,195668334960937
-1,21473520914714
-2,6719091796875
-0,787362365722656
-0,491857248942057
-2,55878936767578
-0,612009760538737
-0,130309549967448
-1,79057820638021
-0,957847442626953
0,0564332866668701
-1,27504389444987
-1,02769404093424
0,137381178538005
-0,519327824910482
-1,31225496927897
0,0836002588272095
2,26531545003255
-1,96534057617187
-1,03916491031647
0,848929189046224
-0,622730102539062
-2,36049402872721
-1,68611602783203
0,693689778645833
-1,3935573832194
-1,29290356953939
0,220899664560954
-1
-1
-1
-1
-1
-1
-1
-1
1
-1