0,0577311706542969
-0,0563193480173747
0,0843201319376628
0,0643793439865112
-0,0982014274597168
0,112626082102458
0,109866711298625
-0,0964757474263509
0,112355359395345
0,169164498647054
-0,0503293657302856
0,0896516386667887
0,17580779393514
-0,0378190938631694
0,0565470838546753
0,111682227452596
0,00446278055508932
0,0479106601079305
0,104181566238403
0,1129762840271
0,0466956488291423
0,174616788228353
0,168136898676554
0,0386395780245463
0,192520523071289
0,197981481552124
-0,160846300125122
0,495318908691406
1,60586373647054
-1,83484703063965
-0,114227650960286
3,61416727701823
-2,29448145548503
-0,360257517496745
2,43813435872396
-1,73232727050781
-1,48385889689128
2,53577484130859
-1,15642824808756
-1,24611567179362
3,13888977050781
-0,445118916829427
-0,472862167358398
2,53073135375977
0,594853439331055
-0,184555721282959
-0,178661944071452
2,36360753377279
-0,107627649307251
-0,194466463724772
2,16112350463867
0,923456411361694
-0,697441132863363
2,05729782104492
2,70544423421224
-4,28128916422526
1,38648188273112
2,55293243408203
-4,65450602213542
1,20634351094564
1,86638163248698
-3,32192413330078
1,72153699239095
1,32461255391439
-0,754738006591797
1,98199305216471
0,924588445027669
-0,692406641642253
1,70045888264974
-0,540390230814616
-0,79214838663737
0,681486053466797
-2,26485280354818
-1,18328252156576
-1,32035659790039
-1,0273671468099
-0,688803126017253
-1,34016540527344
-0,66385191599528
-0,727683614095052
-1,35097524007161
-0,544867795308431
-0,666212056477865
-1,38893305460612
-0,221818799972534
-0,101057758331299
-1,51207946777344
-0,159542436599731
0,157434256871541
-1,40248057047526
-2,85438003540039
-0,616948636372884
1,51367635091146
-2,20087178548177
-1,27257797241211
0,882313893636068
-1,7468196105957
-1,15961794535319
0,71476328531901
-1
-1
-1
-1
-1
-1
-1
-1
1
-1