0,637237459818522
0,402569198608399
0,129369745254517
0,555497767130534
0,43367795308431
0,1584699122111
0,499390157063802
0,394896278381348
0,189279549916585
0,493951276143392
0,319870478312174
0,183813724517822
0,59160654703776
0,428625679016113
0,171562703450521
0,739463704427083
0,441388397216797
0,0822469170888265
0,527637837727865
0,366859181722005
-0,035172503789266
0,397642555236816
0,3008371925354
-0,283463373184204
0,174803911844889
0,265024998982747
-0,663880004882813
-0,402517828941345
0,382650616963704
-1,91788510640462
-1,06750752766927
0,898694915771484
-2,13993057250977
-1,23983121236165
0,767822011311849
-1,91152628580729
-1,03489421844482
1,2384524790446
-1,198085009257
-0,0198357041676839
2,12230484008789
-0,469641596476237
0,0818626848856608
1,66019215901693
-0,167990147272746
0,97912961324056
0,108731689453125
0,895724414189657
2,79394022623698
-4,1599912516276
3,0606010945638
2,28796758015951
-3,24657043457031
3,62044281005859
1,00994649251302
-2,22454096476237
3,6722612508138
0,694894027709961
0,961698582967122
2,74720764160156
0,732353617350261
1,46701721191406
1,97954335530599
0,402615985870361
1,26267700195312
1,62561899820964
-1,44336277008057
-1,77686144510905
0,655402170817057
-1,27270787556966
-3,24623352050781
-0,45685780843099
-0,38347495396932
-2,68054077148438
-1,20947741190592
-0,220459251403809
-2,31479695638021
-0,0090422058105469
-0,0728470865885417
-1,21310127258301
-1,57151629130046
-0,194720760981242
1,44488413492839
-2,23890609741211
-1,0585854212443
0,716045837402344
-0,972863210042318
-2,92875447591146
-0,832761891682943
1,84139434814453
-2,00878611246745
-0,770033594767253
1,54109797159831
-1,33068008422852
-0,463643124898275
0,946694412231445
-0,885531234741211
-0,306475016276042
0,582148157755534
0
0
0
0
0
0
0
0
1
0
