-0,144479942321777
0,210848426818848
-0,47534792582194
-0,0550342098871867
0,218991057078044
-0,452755686442057
0,0401494320233663
0,20335911432902
-0,446978759765625
0,00524285793304443
0,108296778996785
-0,380277786254883
0,082221128543218
0,0683206590016683
-0,316475779215495
0,162959938049316
-0,101985448201497
-0,371438522338867
0,14413693745931
-0,254359486897786
-0,321495278676351
0,133798732757568
-0,301875648498535
-0,258275260925293
0,125745080312093
-0,44083381652832
-0,266789938608805
0,242662353515625
-0,117320505777995
-1,61420956929525
0,228224582672119
0,423907419840495
-2,13380452473958
0,137281557718913
0,463731231689453
-2,05797210693359
-0,261328773498535
0,895865631103516
-1,91969177246094
-0,424039637247721
2,61206461588542
-1,80746297200521
0,0186276737848918
2,69776713053385
-1,18529179890951
0,027702906926473
2,06838195800781
-0,820026728312174
1,74007741292318
-0,870518646240234
3,16605428059896
1,85392562866211
-4,16096201578776
4,33948638916016
2,02255157470703
-3,68119374593099
4,43377349853516
0,450565592447917
-0,131086629231771
3,81501322428385
0,330152505238851
0,1104248046875
2,95170639038086
-0,20364839553833
0,537214635213216
1,9553065999349
-0,917437858581543
-0,786523895263672
0,881897939046224
-1,3787864557902
-3,00854873657227
-1,72168828328451
-0,489929161071777
-2,26071365356445
-1,45025731404622
-1,24180681864421
-1,4261799621582
0,235338274637858
-0,00396682739257814
-0,469736289978027
-3,78167765299479
-0,223047892252604
1,13851451873779
-3,60106638590495
-0,867036863962809
0,990475145975749
-1,13230921427409
-2,36475626627604
-0,304722569783529
0,630406659444173
-2,11026580810547
-0,790179799397786
0,549971046447754
-1,87354604085286
-0,825375900268555
0,561131947835286
-1,19333697001139
-0,659277165730794
0,418703804016113
-1
-1
-1
-1
-1
-1
-1
-1
1
-1