0,27857608795166
-0,0317526245117188
-0,0373175017038981
0,221646372477214
-0,0426761722564697
0,00659595847129822
0,242953186035156
0,00620019435882568
0,0513953034083048
0,414189758300781
0,118508701324463
0,0435895395278931
0,612186622619629
0,177854181925456
-0,0124614306290944
0,659929275512695
0,121902287801107
-0,0129951421419779
0,674380009969076
0,109427429835002
0,0210942757129669
0,793881988525391
0,152582200368245
0,0111384208997091
1,02868344624837
0,295379098256429
-0,00303893069426219
2,06926946004232
0,798100446065267
0,0197531533241272
2,09735336303711
-0,106575280825297
0,821972579956055
1,15458759307861
-1,68504673163096
1,00270383199056
0,634728609720866
-0,442853355407715
-1,00770365397135
0,103583043416341
0,149997380574544
-3,49298960367839
-0,744864451090495
0,88665148417155
-2,89569915771484
-1,261408106486
1,36789047241211
-1,49089986165365
-0,830435104370117
2,22550140380859
0,331090482076009
-0,492250722249349
1,29962277730306
0,466407267252604
-0,238317639033
0,899397506713867
0,590486183166504
2,72819488525391
-1,26963401794434
2,57473388671875
0,91406748453776
-1,50413279215495
3,58784983317057
-0,374089152018229
0,831266225179036
2,09953887939453
0,0579344479242961
0,574839884440104
0,432398147583008
-1,61503520965576
-0,908023389180501
0,452468427022298
-2,23180694580078
-1,87187016805013
-0,262629210154216
-1,26901747385661
-2,06407852172852
-0,312104479471842
-1,0253864924113
-1,78908365885417
-0,0184948285420736
0,561785990397135
-0,951498667399089
-2,34966971715291
-1,05900686899821
-0,293032671610514
-2,57953450520833
-3,63728057861328
-1,18751073201497
3,19355295817057
-2,30199762980143
-1,94994405110677
1,43223757425944
-1,25803731282552
-1,61176040649414
0,473685989379883
-0,836573740641276
-1,35797841389974
0,363424530029297
0
0
0
0
0
0
0
0
1
0
