0,214147955576579
-0,0871923605600993
0,180367933909098
0,207865562438965
-0,0580421511332194
0,159712216059367
0,157452538808187
-0,11325385093689
0,120678949356079
0,127648105621338
-0,125981591542562
0,0804674466451009
0,171840772628784
-0,119831116994222
0,0327297226587931
0,144465211232503
-0,143951778411865
-0,0221165227890015
0,124842618306478
-0,105344834327698
-0,0463683215777079
0,139382613499959
0,235264682769775
-0,116646881103516
0,217852770487467
0,361689847310384
-0,247681198120117
-0,118191115061442
1,12229877471924
-1,66964241027832
-0,205000381469727
1,29649820963542
-2,38904286702474
-0,872196299235026
0,861250661214193
-1,58743118286133
-0,964851684570312
0,406345036824544
-1,64539850870768
-0,341257432301839
1,54860459645589
-0,642922693888346
0,112399670283
1,86844518025716
0,163249645233154
-0,0161026366551717
1,41440607706706
0,327564214070638
0,721947841644287
2,26453552246094
1,38345380147298
1,66351750691732
-1,39500366210938
3,35455912272135
-0,0686247634887695
-0,30659673055013
2,88524826049805
0,0271142832438151
0,851332740783691
1,86503387451172
0,365948028564453
2,10683466593424
1,14848017374674
0,236728076934814
1,44543279012044
1,13640235900879
-0,045921901067098
0,536613616943359
1,17694814046224
0,103903624216716
-2,90771860758464
0,247375284830729
0,227995382944743
-2,55628407796224
0,0793529510498047
0,033176056543986
-1,35848602294922
-1,84237665812174
0,106712303161621
-1,02872365315755
-3,34362976074219
0,339829839070638
2,07166041056315
-2,70471003214518
-1,21150385538737
-0,0582101186116536
0,313211110432943
-3,10998382568359
-1,21042362213135
1,70212036132812
-1,7663520304362
-1,88142756144206
-0,072277291615804
-1,35264500935872
-1,6577055867513
0,000991085370381672
-0,833775075276693
-1,45727823893229
0,11243288675944
-1
-1
-1
-1
-1
-1
-1
-1
1
-1