0,177329568862915
-0,0274435066183408
-0,213878415425619
0,155245278676351
0,0179816691080729
-0,17040381749471
0,274560502370199
0,102296934127808
-0,11392791112264
0,413761049906413
0,105260041554769
-0,166759080886841
0,455076548258464
0,113575569788615
-0,221052392323812
0,374581413269043
0,0534763820966085
-0,171289990743001
0,299982757568359
-0,0931972503662109
-0,103396685918172
0,242437636057536
-0,217997767130534
-0,10692910194397
0,371662578582764
-0,148209066390991
-0,0904709943135579
0,547428283691406
0,0772806358337402
0,0454357846577962
0,0032462485631307
1,33583811442057
-0,362283134460449
-0,0220088577270508
1,07261578877767
-0,208513746261597
0,156126855214437
0,775480499267578
-0,282530342737834
0,570049947102865
0,806368255615234
-2,95569900512695
-0,551136016845703
1,12121866861979
-2,43103978474935
-1,9927569325765
1,42228068033854
-1,70747980753581
-0,795430730183919
2,59728525797526
-0,702135696411133
0,00124508221944173
2,12646347045898
-0,496048851013184
0,114453705151876
1,79171966552734
-0,0741725349426269
1,67127340952555
0,198720041910807
1,91359460194906
0,592867177327474
-2,76327449798584
4,09393575032552
-0,70845085144043
0,0533642768859863
2,37487258911133
-0,335846761067708
1,05338338216146
2,33579671223958
-0,453258717854818
1,67759104410807
1,85326855977376
-1,3104828898112
-2,52680028279622
0,082949473063151
-1,22451497395833
-2,37190582275391
-0,728749516805013
-0,0627706400553385
-2,97150238037109
-0,5197509765625
-0,985696767171224
-2,86803070068359
0,753215535481771
0,547993316650391
-0,463099899291992
-1,64181983947754
0,967363840738932
0,298391520182292
-3,20147054036458
-1,04165011088053
1,46964589436849
-2,08411198933919
-3,92429494222005
-0,969735972086588
4,10723063151042
-2,17342112223307
-1,72168319702148
1,91089635213216
-1
-1
-1
-1
-1
-1
-1
-1
1
-1