-1,09155400594076
-0,864225870768229
0,55852170308431
0,0414779949188232
-0,00227146546045939
0,0543237002690633
0,0158882518609365
-0,0511549043655396
0,0622451146443685
0,00130221287409465
-0,0974256738026937
0,0702592833836873
-0,11085589726766
-0,201536229451497
0,0677354749043783
-0,181347751617432
-0,116911045710246
0,0406463019053141
0,0913027890523275
0,266049693425496
0,138453941345215
0,386181195576986
0,509603805541992
0,0994164689381917
0,248402760823568
0,675200945536296
0,0848827298482259
0,333968861897786
2,01864667256673
-0,502489646275838
0,856363334655762
1,77355946858724
-2,97887990315755
-0,136941000620524
1,59946482340495
-4,34339314778646
-1,03650543212891
2,60240987141927
-2,31019785563151
-1,2364784749349
3,74074818929036
-1,42551818847656
-0,94618896484375
2,71799880981445
-0,292101853688558
-0,582628237406413
1,62488438924154
0,0223308213551839
0,312990646362305
0,810929514567057
1,18905281066895
2,22829528808594
-2,25337521870931
3,66233561197917
0,483061548868815
-2,26656911214193
4,47788299560547
0,668249880472819
-2,31798258463542
3,05029190063477
0,553267606099447
-0,834458567301432
2,07212753295898
0,436959393819173
-0,508599904378255
1,73378779093424
0,123611316680908
-0,430741246541341
1,66271016438802
-0,494869089126587
-1,46956943511963
0,804225514729818
-0,804479637145996
-3,01611684163411
-0,79991200764974
0,31817621866862
-1,91979695638021
-1,56210118611654
0,0931117987632751
-1,53274907430013
-1,64592249552409
0,407558025519053
-1,06393496195475
-1,9433674621582
0,417642339070638
0,222822825113932
-2,20769989013672
0,0886799716949463
1,29533833821615
-1,31881423950195
0,146440970102946
0,948360366821289
-1,03737368265788
-1,79880128224691
-0,729755452473958
0,608139343261719
-2,24200541178385
-1,76846364339193
0,639791768391927
-1
-1
-1
-1
-1
-1
-1
-1
1
-1