0,00566051562627157
-0,041275083621343
0,00396006047725677
-0,024123797416687
-0,103678286870321
0,0284400113423665
0,00454599579175313
-0,18895435333252
0,0610733938217163
0,115402577718099
-0,123930104573568
0,0737512191136678
0,228075815836589
-0,0290941286087036
0,0394136830170949
0,147645444869995
0,017441631158193
0,015944193204244
0,0904572772979736
0,0984649133682251
-0,0477670518557231
0,150446748733521
0,356558043162028
-0,167459885279338
0,296634140014648
0,428725903828939
-0,422893486022949
0,116952908833822
-0,507214546203613
-1,94368293762207
-0,458989671071371
-0,0827600034077962
-2,85685231526693
-0,859375508626302
0,230667705535889
-2,11530522664388
-0,724830322265625
2,23216150919596
-1,74390172322591
-0,2724911181132
2,58165537516276
0,238960978190104
-0,275201638539632
2,06418924967448
0,749060033162435
-0,0504953702290853
1,74118291219076
0,873146107991536
2,24257443745931
-0,767858581542969
2,32060015360514
2,34191068013509
-4,95441324869792
4,53078236897786
0,238117039998372
-1,45724416097005
3,04726165771484
0,113508062362671
0,928007354736328
0,923941396077474
-0,805343297322591
0,79841786702474
0,576300086975098
-1,82271916707357
-0,787352816263835
-0,924702987670898
-0,49064136505127
-2,23181686401367
-1,37454635620117
-0,328827641805013
-2,81871337890625
-0,730041758219401
-1,32973978678385
-0,707563883463542
-1,62495025634766
0,457012151082357
-0,518305079142253
-2,8657563273112
-0,19220890045166
0,536407368977865
-2,24608530680339
-0,179761969248454
0,589997406005859
-1,81514200846354
-2,76448333740234
-0,736546198527018
1,8268571472168
-2,21914759318034
-1,81978881835938
1,30681569417318
-1,78075149536133
-1,4061967976888
0,978351135253906
-1,05731318155924
-1,05155726114909
0,674370028177897
-0,411145261128743
-0,758453979492188
0,382138036092122
0
0
0
0
0
0
0
0
1
0
