0,0144124889373779
0,0600479459762573
-0,0896469529469808
0,0082673301299413
0,0309769872824351
-0,0581212067604065
0,00442068338394165
-0,0447356986999512
0,00489547371864319
-0,00801990588506063
-0,0744747432072957
0,049567760626475
0,113693882624308
-0,0200479571024577
0,150843051274618
0,244948857625326
-0,114756437937419
0,200849889119466
0,166304086049398
-0,15266284942627
0,277938111623128
0,148187500635783
-0,0564019139607747
0,294358050028483
0,29829247156779
0,151214478810628
0,141317459742228
0,456711298624674
1,71117839813232
-2,31966077804565
-0,302486852010091
2,18497522989909
-2,83687225341797
-1,24322827657064
2,01281066894531
-1,9948388671875
-1,42571772257487
2,3678889465332
-1,40649327596029
-1,02996164957682
3,22535705566406
-0,271561368306478
-0,306743755340576
1,29972476959229
1,10383560180664
0,247170906066895
0,0771216074625651
1,69236544291178
2,14923400878906
-2,13232671101888
3,02434855143229
2,81038604736328
-3,77084457397461
3,31724243164063
0,691137822469076
-1,20162981669108
2,9271430460612
-0,849382476806641
0,0336672242482503
1,89546493530273
-1,20076131184896
-0,187629699707031
1,24781631469727
-1,90858876546224
-1,4283713277181
-0,73208485921224
-1,68841557820638
-1,52193837483724
-0,966356709798177
-1,12675053914388
-1,3596125793457
-1,14271387736003
-0,304495061238607
-1,93065582275391
-1,81022677103678
0,256077524820964
-1,44549545288086
-2,369671681722
0,414157307942708
-1,20542241414388
-2,14102279663086
0,488947245279948
-0,664278678894043
-1,69574579874674
-1,61169260660807
-0,777459971110026
0,28470713297526
-2,98394592285156
-1,94038930257161
1,54771275838216
-2,09682957967122
-1,42748204549154
0,213109753926595
-1,60260391235352
-1,1416729482015
0,174813051223755
-0,917848205566406
-0,785199635823568
0,0765118376413981
-1
-1
-1
-1
-1
-1
-1
-1
1
-1