1,1878133392334
1,15705423990885
0,379555498758952
1,06559527079264
1,12073333740234
0,342866490681966
0,826625620524089
0,963589986165365
0,389831708272298
0,766360346476237
0,861814600626628
0,416075388590495
0,853228886922201
0,773518320719401
0,334162406921387
0,892973276774089
0,723744735717773
0,152703979810079
0,703910853068034
0,469247614542643
0,122963083585103
0,544725926717122
0,23957234064738
0,25194393157959
0,541832453409831
0,0300132242838542
0,186769555409749
-0,168057861328125
-0,439122645060221
-1,02264268398285
-0,376934661865234
-0,455034535725912
-3,12203063964844
-1,61902618408203
0,669961547851562
-2,60774556477865
-1,77914586385091
1,48407109578451
-1,96420455932617
-1,61197764078776
3,64396738688151
-0,727927271525065
-0,385004920959473
2,0016726175944
1,36283617655436
-0,80261661529541
1,20481020609538
2,02276067097982
-0,220454635620117
0,0149923451741536
2,40732299804688
1,91681518554688
-2,88319630940755
3,47568837483724
1,09893203735352
-3,91913055419922
3,90249969482422
0,373986727396647
-2,544224802653
2,21587590535482
1,07339454650879
2,6454313659668
-0,25553835550944
1,28768084208171
0,622897644042969
0,414937184651693
-1,91820739746094
0,481165390014648
2,35145080566406
-1,79504597981771
-0,82560541788737
1,96320673624674
-1,47600631713867
-1,74124712626139
1,60479690551758
-0,947412414550781
-1,63278284708659
-1,45944869995117
-0,255452601114909
-1,18460337320964
-1,4317138671875
-0,220294621785482
-1,14380376180013
-1,13040791829427
1,633232421875
-0,342130921681722
-2,32039505004883
1,32197982788086
0,0873116683959961
-2,13136637369792
0,817761840820312
0,219550692240397
-1,84707463582357
-1,56031720479329
-1,05504687945048
0,575201466878255
-2,38972956339518
-1,48202596028646
1,20603820800781
0
0
0
0
0
0
0
0
1
0
