-0,0639553833007813
-0,0165956123669942
-0,134205614725749
-0,0628656101226807
-0,00360293348630269
-0,120332174301147
-0,0743849404652913
0,0491301282246908
-0,112194232940674
-0,00771798133850098
0,101403217315674
-0,0669179272651672
0,146964416503906
0,132970755894979
0,00502151250839233
0,424742660522461
0,294434852600098
-0,0105356721083323
0,574956537882487
0,45694834391276
-0,165466213226318
0,314220873514811
0,731482963562012
-0,088388999303182
0,293099594116211
0,743640263875326
-0,065358993212382
0,383665339152018
0,630286000569661
-2,10248114267985
0,0703359222412109
1,45831944783529
-2,81693339029948
-0,619520022074382
2,71446177164714
-2,47018493652344
-1,27010030110677
3,22280527750651
-2,00013727823893
-1,19379005432129
2,80546427408854
-0,820015487670898
-0,464522997538249
1,73443023681641
-0,468367017110189
-0,305482063293457
1,37968439737956
0,0592204284667969
0,255562375386556
0,335938618977865
1,00197938283284
0,931051483154297
-1,72780410766602
2,31036977132161
1,11322196960449
-1,93004348754883
2,38270060221354
0,791028544108073
-0,168359028498332
2,38614751180013
0,982670923868815
0,206358296076457
1,95133575439453
1,57924280802409
1,70780029296875
0,695655873616536
0,0207330407698949
0,642671496073405
2,48516235351563
-0,159626138408979
0,217782707214355
2,17232477823893
-2,29493123372396
-3,10037353515625
0,208322067260742
-1,04394966125488
-2,50295873006185
-1,3214826965332
-0,877374267578125
-1,42870574951172
-0,266543935139974
-0,322094573974609
-0,347897338867188
-2,19275384902954
0,0943263498942057
0,549443766276042
-2,98887461344401
0,528118947347005
2,16403513590495
-2,0203071085612
0,55226926167806
1,19096860249837
-1,48805374145508
0,00910176277160644
0,753232981363932
-0,911142450968425
-1,15170115152995
-0,283799908955892
-0,0808386739095052
0
0
0
0
0
0
0
0
1
0
