0,0699320109685262
0,153452628453573
0,0218717074394226
0,0621172602971395
0,145005213419596
0,0323308221499125
0,11515282313029
0,196897315979004
0,0462483231226603
0,163796831766764
0,255883140563965
0,0433416938781738
0,213320814768473
0,373572985331217
0,0671632305781047
0,436830940246582
0,572689310709635
0,0976288239161173
0,39146292368571
0,518294868469238
0,100845580101013
0,313137791951497
0,430445594787598
0,177383104960124
0,450161984761556
0,215179271697998
-0,0754166253407796
0,511345647176107
0,727806879679362
-1,86771100362142
-0,63026008605957
1,3871728515625
-2,42530466715495
-1,29522705078125
1,36035537719727
-2,0612858581543
-1,34460194905599
1,48181813557943
-1,7665180460612
-0,370070222218831
2,20893549601237
-0,193716144561768
-0,326296825408936
0,436745681762695
1,57958916664124
1,04762952168783
-0,0405249277750651
2,09046010335286
2,21209981282552
-0,989986317952474
2,85910547892253
3,13215662638346
-2,29739868164062
2,45657719930013
1,27925132751465
-2,57459981282552
3,19815424601237
0,546252365112305
0,581509704589844
2,87037099202474
0,69753527323405
1,38698036193848
2,13818099975586
0,573235829671224
0,908276977539063
1,79128514607747
-1,50869842529297
-1,15115076700846
1,13306172688802
-1,42028711954753
-2,04242838541667
-1,85088086446126
-1,18520517985026
-2,17158945719401
-2,14299514770508
-1,31763020833333
-1,78547449747721
-1,93490926106771
-1,00838823954264
-1,37898953755697
-1,87644154866536
-0,646462720235189
-0,770002886454264
-1,83470993041992
-0,132744216918945
-0,244364598592122
-1,79606145222982
-0,269147523244222
-0,217063643137614
-1,41330741882324
-0,675267066955566
-0,404378191630046
-0,824982121785482
-0,75342030843099
-0,436910692850749
-0,539523836771647
-0,570909067789714
-0,375768661499023
-0,266988086700439
-1
-1
-1
-1
-1
-1
-1
-1
1
-1