0,404685185750326
0,245019251505534
0,133423748016357
0,545237375895182
0,400649795532227
0,10844290415446
0,72206667582194
0,427915267944336
0,129344037373861
0,666518173217773
0,310694363911947
0,118599351247152
0,445807800292969
-0,0545259062449137
0,302040437062581
0,454013888041178
-0,257449391682943
0,458275210062663
0,646567230224609
-0,459151713053385
0,606625061035156
0,582572453816732
-0,509706039428711
0,558599459330241
0,63449146270752
-0,52175178527832
0,0864454396565755
0,672353057861328
0,223725878397624
-2,03068344116211
-0,452819709777832
1,2944911702474
-2,39699996948242
-1,00361148834229
0,686999359130859
-1,69716823577881
-1,85896479288737
0,296189562479655
-0,618086916605631
-1,61331573486328
0,337802441914876
-0,554058036804199
-1,53107070922852
0,392677688598633
-0,404333953857422
-1,16071741739909
0,243137804667155
-0,0121186065673828
-0,641691907246908
0,174166374206543
0,406836776733398
0,795885728200277
0,215546894073486
1,24717779795329
2,11093231201172
1,0755197652181
3,26598775227865
1,13409703572591
1,03897069295247
3,13940236409505
2,2267702738444
0,450850194295247
2,17302637736003
1,38512212117513
0,445434265136719
0,845522918701172
0,468255335489909
-0,1226331837972
1,45916875203451
-2,66671122233073
-3,27526896158854
1,10732187906901
-0,724634841283163
-2,16607142130534
-0,733484090169271
-0,278852955500285
-2,43441492716471
-0,0778038533528646
0,536479797363281
-0,777059326171875
-2,48248112996419
1,6024989827474
-0,703541920979818
-3,74901285807292
0,486723947525024
-0,103446207046509
-2,09403238932292
0,204664916992187
0,138981806437174
-1,33690022786458
0,61168701171875
0,296615289052327
-1,19702878316244
0,434221439361572
0,175531832377116
-0,909571075439453
-0,10295716603597
-0,0709435431162516
-0,51271354675293
-1
-1
-1
-1
-1
-1
-1
-1
1
-1