0,121752745310465
-0,562536150614421
0,270731201171875
0,0779717111587524
-0,71097038269043
0,26673407236735
-0,00756017208099365
-0,725193430582682
0,219956016540527
0,0214230942726135
-0,687100219726562
-0,0818180306752523
0,117816928227743
0,225330219268799
0,175086768468221
0,103269790013631
0,210939102172852
0,214306964874268
0,126679267883301
0,210101019541423
0,150622138977051
0,160614811579386
0,242740643819173
0,196554711659749
0,388494243621826
0,430781682332357
0,224727910359701
0,372562789916992
-1,16415700276693
-0,945058069229126
0,136829830805461
-1,82067011515299
-1,0911070505778
-0,0734669733047485
-1,49565933227539
-0,683864542643229
0,00698007742563883
-1,3105318959554
-0,8577001953125
-0,201857302983602
-0,887686080932617
-1,02696261088053
-0,341749820709228
-0,460755221048991
-1,19964200337728
-0,685278727213542
-0,0236809666951497
-1,23125597635905
-0,945357487996419
0,946112575531006
-0,8013307762146
-1,02476231892904
2,18947825113932
-0,0869529851277669
-0,716908404032389
2,00624669392904
-0,0234162171681722
-0,422797686258952
1,87413243611654
0,377446886698405
-0,0849740854899089
1,35172149658203
0,754414189656575
1,95381520589193
-2,82142303466797
1,98211858113607
3,20258270263672
-4,56215586344401
1,82706354777018
3,06693003336589
-3,55278839111328
1,96944839477539
1,76530537923177
-1,00849466959635
2,47176910400391
1,44478337605794
0,822942784627279
1,99510030110677
1,27608164469401
0,70574587504069
1,49442606608073
0,421237818400065
0,196225109100342
1,69076843261719
-0,890921808878581
-0,027205130259196
1,85909149169922
-1,12121050516764
-0,946776898701986
0,727476348876953
-1,49657719930013
-2,18215235392253
-0,0764841318130493
-1,51898371378581
-1,02493220011393
-0,528232727050781
-1,46125793457031
-0,424082857767741
-0,795988515218099
0
0
0
0
0
0
0
0
1
0
