-0,0476764448483785
-0,0244103527069092
0,126829891204834
0,0165336656570435
-0,0251728391647339
0,0822452370325724
0,106561587651571
0,0292281810442607
0,0107580264409383
0,216038602193197
0,0816583204269409
-0,0891099039713542
0,25429546991984
0,0917985200881958
-0,124427820841471
0,333335990905762
0,146652587254842
-0,12882183710734
0,383891474405925
0,171269874572754
-0,127264664967855
0,383977584838867
0,166454906463623
-0,0100879367192586
0,562109489440918
0,252758744557699
0,0412724057833354
1,90073435465495
1,20512119293213
-0,266459719340007
0,231954978307088
1,5800249226888
-0,375408732096354
-0,0267967172463735
1,3520893351237
-0,207625287373861
-0,349977493286133
0,869989649454753
-1,13275388717651
-0,988379720052083
1,07846516927083
-2,04747762044271
-1,04830383300781
1,08987159729004
-1,68352401733398
-0,79749142964681
1,30729321797689
-1,49893076578776
-0,280978717803955
1,19610697428385
-1,0523407236735
3,07154902140299
-1,0907202911377
3,1398966217041
0,79861395517985
-2,11912506103516
4,20596150716146
0,25697572072347
0,586160710652669
1,63415028889974
-0,228119621276855
0,875337715148926
-0,176785996754964
-0,956630477905273
0,979068705240885
-0,0908842055002848
-1,34003761291504
-1,14007848103841
0,736990210215251
-1,39008590698242
-2,14926528930664
1,00673853556315
-1,12319012959798
-2,11141754150391
0,478055299123128
-0,308043162027995
-0,603440729777018
-2,10441070556641
-2,86262079874674
-0,374501800537109
0,752762858072917
-2,05005208333333
-0,267944672902425
0,156632073720296
-1,24410041809082
-0,211232554117839
-0,250022195180257
-0,989073816935221
-0,394389184315999
0,0227727190653483
-1,04239606221517
-0,553619028727214
0,282889518737793
-0,658571065266927
-0,415570526123047
0,171497503916423
-0,262368310292562
-0,146543391545614
0,0131470902760824
-1
-1
-1
-1
-1
-1
-1
-1
1
-1