-0,00841794371604919
-0,0381026315689087
0,0661001666386922
0,0269643624623617
-0,0593691126505534
0,0638267230987549
0,0364134788513184
-0,0593724155426025
0,101310497919718
0,0721856371561686
-0,00511269648869832
0,0883575010299683
0,157848955790202
0,0832195154825846
0,0769768095016479
0,361665344238281
0,22404062906901
0,0819693485895793
0,427737719217936
0,16957883199056
-0,0185325415929159
0,270765800476074
0,178502540588379
0,116807872454325
0,203110332489014
0,220565999348958
0,117001571655273
0,0970023345947266
0,188640740712484
-1,68538358052572
-0,893968989054362
0,0295586276054382
-1,93717920939128
-1,10376495361328
0,00316574096679688
-1,78173344930013
-2,12610687255859
1,92669270833333
-0,819229437510173
-1,16089080810547
2,06842112223307
-0,137053203582764
-0,803816884358724
1,76699193318685
-0,078144489924113
0,0307988929748535
0,928923975626628
1,20409218470256
2,55277496337891
-1,0865256245931
3,06022277832031
3,68531494140625
-1,35579732259115
2,61034556070964
0,35959971110026
-0,643044993082682
2,1684342956543
-0,411501744588216
2,57966634114583
0,706846593221029
0,301189295450846
1,13340733846029
-0,85065439860026
0,0187441285451253
0,840901260375977
-0,520085004170736
-1,37805524349213
-1,83485710144043
1,42224487304688
-1,89435358683268
-3,41578643798828
-0,575626564025879
-0,113015391031901
-2,1697612508138
-1,12416447957357
0,158727436065674
-1,46360448201497
-1,15603474934896
0,282750733693441
1,39249135335286
-2,77856190999349
2,46409540812174
1,71866719563802
-2,84310119628906
-1,43490585327148
0,318306992848714
-1,1027891031901
-2,02995351155599
-1,49943776448568
2,27467615763346
-1,89666798909505
-1,38980997721354
1,87927098592122
-1,35194826761882
-1,03358042399089
1,38737144470215
-0,764978408813477
-0,682856801350911
0,969257151285807
-1
-1
-1
-1
-1
-1
-1
-1
1
-1