-0,0698655843734741
-0,0146156287193298
-0,041064780553182
-0,055304753780365
0,0204962921142578
-0,00672521829605103
-0,0335798581441243
0,0138546617825826
0,00380760957797368
0,00463852167129516
0,0585789092381795
0,0679818280537923
0,176106383005778
0,131301352183024
0,099081179300944
0,124556217193604
0,246928825378418
0,199798084894816
0,0967884159088135
0,322977091471354
0,308901653289795
0,15258381207784
0,65048469543457
0,283513310750326
0,272405064900716
0,812230606079102
0,049696839650472
0,681782379150391
1,31920471191406
-2,7500937906901
-0,213279762268066
1,56011311848958
-2,88170043945312
-0,638573621114095
1,15675725301107
-1,99865895589193
-0,846393636067708
1,02671676635742
-1,62600072224935
-0,428807601928711
2,0618180847168
0,0110620625813802
-0,166532236735026
0,974858093261719
1,20357148488363
0,628005549112956
0,635282211303711
2,20522435506185
2,18989649454753
-2,29664978027344
3,78205393473307
0,81646489461263
-3,35214752197266
5,42548563639323
-1,15432973225911
-0,720286000569661
3,78334309895833
-0,692467397054036
1,68496673583984
1,02391695658366
-1,25590741475423
-0,1734521484375
-0,169871622721354
-1,85746449788411
-4,67115102132162
-1,95512298583984
-0,662603200276693
-2,39337193806966
-2,13615061442057
-0,415661888122559
-2,08469060262044
-1,81137100219727
-0,295682795842489
-1,48588734944661
-1,79088114420573
0,345165672302246
3,43059438069661
-1,88878692626953
0,801254908243815
2,04295272827148
-1,33248524983724
0,543175989786784
1,47411819458008
-1,04272509256999
0,0987831942240397
0,888712793986003
-0,466520951588949
-0,142492472330729
0,368933010101318
-0,0618621071179708
-0,04485977490743
0,349216111501058
-0,0395278533299764
0,248170356750488
0,610395228068034
-0,177836335500081
0,319163328806559
0,747493667602539
-0,285099957784017
-1
-1
-1
-1
-1
-1
-1
-1
1
-1