0,0801141389211019
-0,0795504554112752
0,0615513563156128
0,0504132080078125
-0,0522204033533732
0,0100407310326894
0,0307736873626709
-0,0246321400006612
-0,0353911415735881
0,0393472703297933
-0,0799067640304565
-0,045887139638265
0,0270970384279887
-0,209356209437052
-0,0212623039881388
0,0310601647694906
-0,288265711466471
-0,0182532831033071
0,0851991558074951
-0,261500511169434
-0,0736377620697021
0,139148861567179
-0,051293576558431
-0,174746510187785
0,185944951375326
0,0539481894175212
-0,282107702891032
0,736079953511556
0,27514274597168
-1,71212167104085
0,83388910929362
0,434132130940755
-2,27387649536133
0,546701634724935
0,489817937215169
-2,08100560506185
0,237677796681722
0,238175894419352
-1,94110305786133
0,0110612543423971
0,182566286722819
-1,62101389567057
-0,127319094340007
2,379168065389
-0,393754170735677
-0,28833199818929
1,61614273071289
1,1343256632487
-0,176639677683512
1,14777893066406
1,0931938680013
-0,0142479618390401
0,773399403889974
1,2682248433431
1,20227581342061
-2,67734387715658
2,06219385782878
1,05438415527344
-2,37732238769531
2,54029190063477
0,922412439982096
-1,47291473388672
1,69809661865234
0,852940826416016
-0,583963737487793
1,37345591227214
0,590211753845215
-0,205317656199137
1,3618017578125
-1,29067754109701
-2,93260670979818
1,5210905456543
-0,49138417561849
-3,50552917480469
-0,813974914550781
0,144850304921468
-1,95639322916667
-1,43608662923177
0,01235648949941
-1,22418790181478
-1,37097961425781
0,128844064076742
-0,469355653127035
-1,54515121459961
0,169912112553914
0,0554557800292969
-1,58834050496419
0,0916275533040364
0,329742685953776
-1,35438852945964
-0,412577387491862
0,198027820587158
-1,09491030375163
-0,460440050760905
-0,00224537213643392
-0,717788124084473
-0,311559549967448
-0,0464511227607727
-0,543346900939941
0
0
0
0
0
0
0
0
1
0
