-0,110050109227498
-0,618035024007161
0,342791309356689
0,14367706934611
-0,606413269042969
0,187176113128662
0,167333167394002
-0,515960934956868
-0,00649549245834351
0,137834316889445
-0,477153307596842
-0,0381485493977865
0,195468502044678
-0,436306406656901
-0,0545436286926269
0,237656116485596
-0,436135292053223
-0,114951470692952
0,2371067237854
-0,399954439798991
-0,148199825286865
0,187829882303874
-0,338418458302816
-0,0792149766286214
0,221949303944906
-0,142464761734009
-0,0530635054906209
0,205828940073649
-0,319005352656047
-0,295349899927775
0,130966733296712
-0,746226425170898
-0,299862079620361
0,261734269460042
-0,720339711507161
-0,178246949513753
0,546707611083984
-0,124708067576091
-0,0341883452733358
0,608621203104655
0,3661541112264
-0,0882564330101013
-0,205917167663574
0,90661252339681
-2,10864134470622
-0,910142161051432
1,67498769124349
-0,932813059488932
-0,881696116129557
1,31005831400553
-1,14049402872721
-1,09851483662923
1,13112213134766
-1,33604100545247
-0,982093938191732
0,701927477518717
-1,15118385314941
-0,796319427490234
0,381125119527181
-0,571635932922363
-0,490106442769368
0,166230608622233
-0,0114642651875814
0,637538324991862
0,208424275716146
2,44880523681641
0,163701699574788
2,60912282307943
2,69920054117839
-0,373659896850586
3,4424277750651
2,28329355875651
-0,136997534434001
0,167931009928385
1,06179267883301
-2,00144882202148
-4,43483306884766
0,848247934977214
-1,03492139180501
-6,29807210286458
-0,665692087809245
-0,596316070556641
-3,88988026936849
-0,308713226318359
-0,961449813842774
-1,45281870524089
-0,124280983606974
-0,611859372456868
-1,0969681040446
-0,607741839090983
-0,071265811920166
2,08338938395182
-2,23208450317383
-3,65127873738607
-0,811683654785156
1,36408976236979
-2,90144505818685
-1,43643478393555
2,27375045776367
0
0
0
0
0
0
0
0
1
0
